1 0.05078125 0.49609375 0.1015625 0.0828125
1 0.3035828173933609 0.3835547841594459 0.1249283693507266 0.1288431383672899
1 0.25983008068109026 0.04784908831597616 0.08811816534054522 0.05363406010845857
1 0.0914527980187719 0.08086209709657485 0.06925907733927232 0.04414997579950315
3 0.06796875 0.65390625 0.1359375 0.1921875
3 0.36640625 0.5375 0.1671875 0.2875
3 0.2814703653723618 0.22898545882748095 0.17703630935708983 0.17601812021691723
3 0.09496979137490716 0.2488217567374952 0.1211135733609078 0.20381586729005097
2 0.86067770206077 0.21695309143923414 0.041134077339272324 0.04398634933607006
2 0.6138390647278609 0.22151436817381373 0.05061816534054522 0.05341589149054773
3 0.6 0.875 0.228125 0.25