2 0.3953125 0.13671875 0.253125 0.2734375
2 0.246875 0.12938170138445218 0.1203125 0.24358746268299925
0 0.32890625 0.01875 0.1265625 0.0375
0 0.48046875 0.01953125 0.1296875 0.0390625
2 0.7453125 0.06526520472627002 0.0296875 0.06597044533736351
0 0.7484375 0.00859375 0.01875 0.0171875
2 0.41796875 0.92265625 0.0984375 0.1546875
2 0.5859375 0.925 0.065625 0.15
1 0.02265625 0.8109375 0.0453125 0.059375
0 0.59765625 0.771875 0.0421875 0.053125
0 0.41953125 0.7797549660645879 0.0546875 0.047511346674090495
3 0.02890625 0.940625 0.0578125 0.11875