2 0.28828125 0.15078125 0.2640625 0.2828125
2 0.4421875 0.1390625 0.125 0.25
0 0.3515625 0.0234375 0.13125 0.046875
0 0.1953125 0.02578125 0.134375 0.0515625
1 0.6046875 0.3 0.00625 0.00625
1 0.6234375 0.29921875 0.0078125 0.009375
1 0.81953125 0.3078125 0.0125 0.025
1 0.83125 0.34921875 0.01875 0.021875
3 0.6046875 0.3234375 0.0125 0.03125
3 0.62265625 0.321875 0.0140625 0.028125
3 0.834375 0.3828125 0.025 0.040625
3 0.85546875 0.31953125 0.04375 0.0640625
0 0.23671875 0.53828125 0.21875 0.121875
3 0.20078125 0.8546875 0.2546875 0.290625
3 0.0640625 0.79765625 0.128125 0.4046875
2 0.57265625 0.61484375 0.025 0.065625
3 0.6296875 0.6171875 0.009375 0.040625