0 0.3078422327333902 0.49609375 0.10037270472226431 0.0640625
0 0.10886892242853988 0.45390625 0.07693520472226431 0.0640625
0 0.22789565749962107 0.540625 0.04402271077238851 0.046875
0 0.0390625 0.01875 0.078125 0.0375
0 0.01328125 0.2375 0.0265625 0.096875
2 0.353125 0.5890625 0.203125 0.040625
3 0.2453125 0.59765625 0.075 0.0234375
3 0.065625 0.54765625 0.121875 0.1234375
1 0.9625 0.05078125 0.075 0.1015625
1 0.85 0.04453125 0.115625 0.0890625
3 0.8765625 0.28671875 0.246875 0.3734375
3 0.7978733768562166 0.1765625 0.1666976623713948 0.184375
3 0.76484375 0.94765625 0.4703125 0.1046875