0 0.2734375 0.271875 0.090625 0.109375
0 0.9213316619786115 0.730254227548019 0.07856133723582168 0.0754545179539809
1 0.685812839377121 0.935127038147457 0.12228406615858275 0.07102154800821019
1 0.5969998033709633 0.8432071828594585 0.12862496974937904 0.08668290944452864
1 0.3703125 0.7125 0.103125 0.13125
1 0.42729427390590924 0.40942201443793946 0.08627384328594587 0.05831246974937891
1 0.5791203943192181 0.45561627926866244 0.06745112041330899 0.04570338544042354
1 0.7342487767345796 0.5322974748175445 0.037636355386194253 0.023655668617910842
3 0.8234713997801671 0.8289002849260031 0.14926472267624505 0.14305108411256356
3 0.553125 0.94375 0.14375 0.1125
3 0.3484375 0.8421875 0.059375 0.290625
3 0.4 0.57265625 0.1625 0.1796875
3 0.5628328398681003 0.6102037853187866 0.12927038524403187 0.19762040944452863
3 0.7197959121750032 0.5993986164062882 0.07539997579950324 0.06918633723582168