0 0.9792817040499522 0.18410489363184707 0.0316136266709087 0.0314318071815924
0 0.7727953467138614 0.1625924662333375 0.030051126670908878 0.0314227168225127
0 0.8201970580442254 0.14099472218526587 0.026926126670908702 0.031404536104353474
0 0.567826036043907 0.13718287919390765 0.03633748933799978 0.03458407825883123
0 0.8541907973822249 0.17556516490547763 0.028506808004454244 0.032976126463433175
0 0.9431714813812706 0.16905206537301593 0.026944308004454243 0.032967036104353475
0 0.9101680773790435 0.1524549178323439 0.026926126670908702 0.031404536104353474
0 0.7225049927195885 0.20448452956324994 0.03524770401018138 0.07519998789975162
0 0.8941890887173614 0.18907821906200795 0.03012385200509087 0.0376727168225127
0 0.5065254567154522 0.17276131001026274 0.04742044000636323 0.04714771077238851
0 0.5888566987189521 0.19901980386194262 0.041134077339272504 0.04398634933607006
0 0.6508839840467706 0.15875841822512732 0.03317612667090888 0.03144089754067192
0 0.6877572753819068 0.1722532916634984 0.03317612667090888 0.03144089754067192
0 0.7246123853834977 0.1841856651018694 0.03317612667090888 0.03144089754067201
0 0.7437981900461342 0.15461179459036462 0.02845226400381797 0.028288626463433088
0 0.8106226107176795 0.19093563485124837 0.03163180800445424 0.032994307181592394
2 0.5104873454009968 0.3118374455488821 0.08793744668999892 0.17237496974937905
2 0.5700345207272245 0.25984367437344746 0.08297722668681722 0.14891019867214011
2 0.5926731367361332 0.3255959394005621 0.06898745202099903 0.15507838544042354
2 0.6499129247294516 0.27671353268650795 0.08288632001909005 0.14109769867214011
2 0.6881396307288153 0.2722487464839586 0.042134050684271965 0.12992384933607007
2 0.7212703040658606 0.29978339402463056 0.07507382001909005 0.14105224687674217
2 0.7500214653882702 0.21948736084714326 0.02543635200509069 0.03764544574527395
2 0.7662282680617244 0.2695782644379395 0.057759050684271784 0.13001475292686618
2 0.8056362133990879 0.2994930234149299 0.07029541335136287 0.13321247579950324
2 0.8155464680537703 0.21127540592848723 0.053724984006999675 0.05187157220870704
2 0.8529651993952699 0.27164527936685817 0.05750451201463562 0.10813975292686635
2 0.8985322380649061 0.29378389978016717 0.0811783693507266 0.1285886083130606
2 0.9186623773869975 0.211094119627742 0.022111357336090976 0.020439765027114642
2 0.9345146440563156 0.23071627321853816 0.050490896005727134 0.04247839149054773
2 0.96796875 0.28203125 0.0640625 0.1171875
1 0.3231856980426344 0.440005435688129 0.028361357336090798 0.020476126463433175
2 0.3270197700509067 0.5009611164062882 0.06026588534372692 0.07690793364502539
2 0.01015625 0.6109375 0.0203125 0.134375
3 0.9390625 0.7828125 0.121875 0.434375
3 0.6941009187619047 0.7050794272021179 0.2626134667409058 0.5483658188890572