0 0.11936203659533282 0.10948825258595826 0.07999657220870696 0.05405224801081765
0 0.23433759680198724 0.08549567457036807 0.03606476502711473 0.022293170671545237
0 0.16939839803165127 0.10265644991250404 0.04388635538619425 0.023946577339272503
0 0.37802396428843005 0.09476049188418716 0.037636355386194253 0.02387385200509069
0 0.4282194070086417 0.060584939210732894 0.03450226502711473 0.022274989337999783
0 0.3906285034178456 0.07664629121582359 0.03448408430895533 0.019149989337999784
0 0.18669043716106692 0.08448770524350416 0.02822499394987581 0.017514764003817972
2 0.14669617535540613 0.2450984885821402 0.1635999334486339 0.19095335868872637
2 0.23018136192729788 0.12850987790423166 0.04723861436318479 0.0630454400063634
2 0.4107910124930319 0.10219118387973278 0.031395445745273774 0.025363626670908877
2 0.43515625 0.1171875 0.0296875 0.075
3 0.3995808017206432 0.14919345321455096 0.0614011083130606 0.0803965720082724
3 0.19738249746591716 0.12654793590868602 0.02208407825883114 0.03619203866963625
3 0.18234784992524525 0.15953315857736775 0.06604315651766246 0.07263861600890867
3 0.79765625 0.01953125 0.0265625 0.0390625
1 0.91796875 0.68359375 0.1640625 0.1734375
1 0.6777199581401099 0.6903949966184113 0.15248062626704134 0.15957608935390813
1 0.5701938044511179 0.642430758633047 0.015761355386194255 0.023619313335454528
1 0.49919550322145384 0.6268517593093648 0.018877265027114554 0.022093176002545255
3 0.5034830274219507 0.6955472153087283 0.04429542154477702 0.09425907733927233
3 0.5758847473677213 0.7384517832988652 0.04286927693097127 0.11767839600572697