3 0.1823095477136226 0.5237041029503073 0.01737839754067192 0.03291249394987581
3 0.28071068627730417 0.5168814103282914 0.01582498789975162 0.03446590359079611
1 0.2741197978118185 0.45832402176460996 0.026726126463433177 0.028279536104353475
1 0.18059705678880889 0.49793194330938695 0.01730567466803503 0.02041249394987581
1 0.22365671037960508 0.5133069584346975 0.09425906010845857 0.08804542154477701
1 0.2959725927949665 0.588670051917035 0.11151019262201593 0.09908291549465283
1 0.44287888817089804 0.45890476298401117 0.03301248789975162 0.034565897540672096
1 0.45289930366555087 0.5697877208295334 0.10051815046753809 0.08964428298109546
3 0.05625 0.7859375 0.1125 0.428125
3 0.18671875 0.825 0.1203125 0.35
3 0.28125 0.89140625 0.225 0.2171875
3 0.44609375 0.8453125 0.1703125 0.309375
3 0.58046875 0.77421875 0.1984375 0.4515625
3 0.5152993097156752 0.5522366064663488 0.03948065651766246 0.07210225897699037