1 0.3171875 0.0078125 0.065625 0.015625
3 0.2951009600850175 0.25822000351604146 0.1439783007386847 0.30863972267624523
3 0.08103391490547766 0.25868413270994906 0.15855895120622293 0.3977840359079618
3 0.01875 0.28984375 0.0375 0.5203125
3 0.59921875 0.3390625 0.3890625 0.421875
1 0.1921875 0.6171875 0.353125 0.134375
3 0.184375 0.92890625 0.36875 0.1421875
2 0.80859375 0.9328125 0.0734375 0.134375
1 0.670267569085449 0.5767013170423455 0.020385222872636888 0.012618174668035031
1 0.5601385901626879 0.5820296873574586 0.01726022287263689 0.01259999394987581
1 0.3796875 0.64765625 0.021875 0.0265625
1 0.49098913524403187 0.6480592083365015 0.05336134933607006 0.04093407220870695
1 0.46127488504764014 0.7779239703385541 0.08632838544042354 0.06768746974937896
1 0.6896311683233233 0.6820609827333902 0.07533634328594588 0.05824883723582168
3 0.6919618036655508 0.8140831423743105 0.08515677088084708 0.13486587939029926
3 0.6696681262670413 0.6079558622218854 0.02518180718159222 0.031395445745273955
3 0.5603476684215191 0.6179671873574586 0.029887487899751618 0.034547716822512696
3 0.5135368218159235 0.763556943309387 0.07253859621281204 0.11448065651766245
3 0.4171875 0.921875 0.096875 0.15625
3 0.390625 0.72734375 0.04375 0.0890625
0 0.8052294181269314 0.8110803413410382 0.04406816256778674 0.05494203005422919
2 0.97109375 0.92265625 0.0578125 0.1546875