0 0.2297825712524128 0.36513217983439644 0.1870476560311804 0.230760162371395
0 0.42681375461491144 0.15142017953980885 0.15052835335772627 0.18055108411256365
3 0.2453125 0.596875 0.2125 0.084375
3 0.4390625 0.4640625 0.253125 0.35
2 0.6236945612269594 0.4253641352440319 0.006377269334818081 0.010973861436318445
2 0.6472138772279139 0.4184692406302261 0.007976132001908987 0.014107951795397967
2 0.6644831932288684 0.41153798458010193 0.006377269334818081 0.010973861436318445
2 0.6707241025620958 0.41235559601642036 0.006431813335454351 0.015661361436318445
0 0.623840011895323 0.41286413524403187 0.00474204400063627 0.004714771077238921
0 0.6481314872295048 0.4067550358097659 0.00474204400063627 0.004714771077238921
2 0.8692235952021423 0.6096174571581512 0.012827264003817973 0.028197722872636888
0 0.99609375 0.5328125 0.0078125 0.00625
0 0.9677343678787784 0.5367481046006273 0.00474204400063627 0.004714771077238567
2 0.9675889172104147 0.5492481046006272 0.007957950668363623 0.012545451795398321
2 0.9953125 0.54609375 0.009375 0.0140625
0 0.8279104412396862 0.3327958819243822 0.0047238626670910834 0.0031522710772389217
2 0.7289189579090042 0.3126873941228264 0.006359088001272717 0.009411361436318443
2 0.961440009229823 0.40623390280522925 0.004796588001272539 0.009402271077238922
3 0.2421875 0.721875 0.171875 0.165625