0 0.37265625 0.0515625 0.1828125 0.103125
1 0.18938222521032796 0.23019305669061305 0.010992042154477666 0.009438632513557366
1 0.1400589360809124 0.21193796037960508 0.012572722872636888 0.012572722872636888
1 0.12606461377400952 0.2235748971478885 0.009429542154477666 0.009429542154477666
3 0.1864753938282388 0.26767487597245376 0.02208407825883123 0.03606476502711473
3 0.14182142398066402 0.24632205073868468 0.01581589754067192 0.03290340359079611
3 0.12078221613514169 0.2555743308911099 0.02363748789975162 0.03451135538619425
3 0.16763903541698247 0.25272204166349843 0.023673849336070064 0.040761355386194256
3 0.18498107152133594 0.27938453561337423 0.035029505853732525 0.11269998789975162
2 0.290625 0.29140625 0.353125 0.2765625
3 0.9046875 0.88125 0.190625 0.2375