1 0.04647800673749529 0.22323557132494418 0.010992042154477844 0.009438632513557366
1 0.09659618140553032 0.203213962815492 0.012572722872636888 0.012572722872636888
1 0.10980925371243319 0.21500998086766873 0.010992042154477844 0.009438632513557366
3 0.05016154294004469 0.2615395472226433 0.023646578258831142 0.03607385538619425
3 0.09482460314669909 0.2391423724564124 0.01737839754067192 0.03291249394987581
3 0.11665415135130104 0.24708213748352695 0.02520907825883114 0.03608294574527378
3 0.0682211965308408 0.2460190863520589 0.025236349336070062 0.040770445745273776
3 0.052437115246947476 0.2732719327612626 0.03972609621281205 0.11428975897699054
2 0.0671875 0.32578125 0.134375 0.3671875
3 0.5303768046475096 0.24882488202257802 0.012654536104353475 0.026635222872636886
3 0.109375 0.8125 0.21875 0.375