1 0.2662447070599554 0.14312522687965767 0.011001132513557365 0.011001132513557365
1 0.31778902634179607 0.13970024503003026 0.012572722872636888 0.012572722872636888
1 0.3264691347530525 0.15449399805509234 0.011001132513557365 0.011001132513557365
3 0.25785094495970695 0.17755022385459557 0.02520907825883114 0.03608294574527395
3 0.3046941287029282 0.17180876308220708 0.017378397540672098 0.03291249394987581
3 0.3219679871141847 0.18655251913233126 0.02519998789975162 0.03452044574527395
3 0.27889924316430886 0.1696150040070208 0.026798849336070064 0.040779536104353656
3 0.25557537265280406 0.18928260939321503 0.0443863251355733 0.10962953005422929
2 0.1484375 0.203125 0.296875 0.371875
3 0.6114788972460843 0.12434951844496026 0.011055674668035032 0.020376132513557365
3 0.14200323116225633 0.7028961783804683 0.037809072208706954 0.05334316861791066
1 0.14644983664664651 0.6614626573032293 0.015697722872636887 0.012590903590796287