0 0.4 0.08203125 0.159375 0.1640625
2 0.36328125 0.36640625 0.2328125 0.2671875
1 0.859375 0.46953125 0.13125 0.0609375
1 0.7597316075274936 0.38001914274345105 0.1364647408266179 0.09220677601845359
1 0.52109375 0.24609375 0.0828125 0.1390625
1 0.8983612737095175 0.03868671276254103 0.040770445745273776 0.025472714672181596
3 0.96328125 0.35703125 0.0734375 0.1515625
3 0.71875 0.46640625 0.15 0.0671875
3 0.55078125 0.09375 0.1421875 0.1875
3 0.7137322645361353 0.12715722473740582 0.134048788834828 0.21404541335136287
3 0.8847214754067197 0.11117933076063205 0.08010565651766263 0.07280224801081765