1 0.12265625 0.17460613202257802 0.0109375 0.009438632513557366
1 0.071875 0.15868569535249044 0.0125 0.012572722872636888
1 0.05859375 0.17110842730031361 0.009375 0.009429542154477843
3 0.12265625 0.21210613202257803 0.0203125 0.03449317466803503
3 0.07734375 0.1938737616092691 0.0140625 0.03289431323171641
3 0.05546875 0.20468399658215447 0.0203125 0.03293067466803503
3 0.103125 0.19793000253408283 0.021875 0.03918976502711473
3 0.121875 0.22460158684303816 0.0265625 0.11265453610435347
2 0.24375 0.25390625 0.3125 0.3109375
3 0.62578125 0.91328125 0.1515625 0.1734375
1 0.646875 0.6460231106507516 0.1328125 0.10233518052176756