0 0.1515625 0.09765625 0.15625 0.1953125
0 0.48515625 0.07578125 0.0890625 0.1515625
0 0.4546875 0.05 0.046875 0.1
1 0.3020250665513663 0.07222639871902234 0.09743860226293641 0.09743860226293628
3 0.19375 0.4046875 0.2625 0.15
3 0.29668708499632646 0.31834287461672145 0.030351096212812224 0.1142352168225127
3 0.39375 0.33125 0.153125 0.296875
3 0.42889105181883913 0.28788723927449367 0.05579652380771307 0.19094316256778665
3 0.48671875 0.32578125 0.0859375 0.3078125
0 0.42073870511504785 0.0777855314289714 0.052062469749379045 0.08623748184962735
0 0.3531512293155446 0.14692641686939495 0.01897725897699054 0.03917158430895533
0 0.1875 0.23984375 0.375 0.4796875