2 0.41874562126036696 0.26312931829988206 0.20450897071927035 0.3886635659621911
0 0.41875 0.03515625 0.0875 0.0703125
1 0.5537478772676849 0.7235219176359522 0.006304544000636269 0.004723861436318444
1 0.5296927592695939 0.7093185170702181 0.0031795440006362695 0.004705680718159222
1 0.5154575366009121 0.7240804538385015 0.0031795440006362695 0.004705680718159222
1 0.5099160612667303 0.7302986375817229 0.0031977253341818113 0.006268180718159222
1 0.48377173193827555 0.6942066014773693 0.006322725334181811 0.006286361436318444
3 0.4804558279360484 0.7105946707592101 0.009611357336090798 0.020367042154477665
3 0.5287842399347757 0.7202514718906783 0.006413632001908987 0.014098861436318444
3 0.555174017266094 0.7352497579950319 0.00793976933481808 0.010982951795397966
3 0.5270853799331849 0.7319611315315987 0.007957950668363623 0.012545451795398144
2 0.7578125 0.5859375 0.15625 0.053125