0 0.33212319535249046 0.267435401351301 0.0896897347764936 0.10833065046753818
0 0.67109375 0.3171875 0.1578125 0.21875
0 0.46913738202257804 0.31742124493183443 0.09277837334017516 0.10209883118569749
0 0.05390625 0.0875 0.1078125 0.1625
1 0.20399819535249045 0.26818081079582967 0.08948065651766246 0.07239315046753828
1 0.5840447645361353 0.32769060353948254 0.06924996974937905 0.08633747579950324
3 0.6609375 0.49140625 0.178125 0.1953125
3 0.584375 0.5265625 0.1 0.125
3 0.4546875 0.50078125 0.15 0.1765625
3 0.2953125 0.47578125 0.159375 0.2265625
3 0.10390625 0.47578125 0.1640625 0.2265625
0 0.575465691836449 0.8813559590238726 0.03300339754067192 0.033003397540672094
0 0.2907952551663614 0.8322291543763631 0.048710210772388504 0.04715680113146803
0 0.2516463967551051 0.8176126633533535 0.03460225897699054 0.03926248789975162
0 0.218620273316734 0.7810848108940255 0.048728391490547904 0.050281801131468205
0 0.10852765583029136 0.7926631812091386 0.03145907825883123 0.0361193071815924
0 0.0950146016737611 0.7528966992613153 0.03459316861791084 0.03769998789975162
0 0.03601685157556522 0.8180858829063407 0.034547716822512696 0.029887487899751618
2 0.56171875 0.96015625 0.0703125 0.0796875
2 0.30234375 0.93046875 0.0890625 0.1390625
2 0.2459190924021831 0.9074927747896719 0.06320904800821019 0.1222386143631848
2 0.19971171291368783 0.8882296903825206 0.08359427088084707 0.13485678903121964
2 0.10542135742929774 0.9301859071068377 0.04110678903121982 0.08304884933607007
2 0.07930830932289168 0.8733046480316513 0.0790340359079618 0.156704517953981
2 0.02421875 0.90625 0.0484375 0.14375
0 0.7875 0.73671875 0.075 0.0578125
0 0.9056566650036736 0.7913587146812134 0.0849931444174139 0.10674087939029935
2 0.903125 0.92265625 0.19375 0.1546875