1 0.2171875 0.0140625 0.078125 0.028125
1 0.321875 0.1390625 0.15625 0.128125
1 0.1779773599618199 0.11141124043383437 0.12022268801718106 0.12725336729005096
3 0.31015625 0.5390625 0.1796875 0.4
3 0.14296875 0.53515625 0.2390625 0.4078125
3 0.94921875 0.37578125 0.1015625 0.4609375
3 0.9609375 0.0265625 0.078125 0.053125
2 0.5046875 0.25078125 0.209375 0.2609375
2 0.6299023919478206 0.2456781978865732 0.1182976560311804 0.23036018657189175
0 0.4328125 0.04296875 0.065625 0.0671875
0 0.5587921026416375 0.04525095100983116 0.11804202267663584 0.07411927693097135
0 0.5524961019653197 0.11631288475305253 0.12127611067790856 0.08351245764913058
0 0.43515625 0.115625 0.0703125 0.08125
1 0.159375 0.98359375 0.2875 0.0328125
3 0.0953125 0.821875 0.190625 0.165625