1 0.5069013805686498 0.7 0.012572722872636888 0.0125
1 0.6677525221573933 0.71484375 0.007876132513557366 0.0109375
1 0.6794712721573933 0.71484375 0.011001132513557365 0.0109375
1 0.99375 0.73515625 0.0125 0.0171875
3 0.5078125 0.74375 0.015625 0.053125
3 0.6635462903077659 0.76640625 0.012845433645025394 0.059375
3 0.6776178806668456 0.76484375 0.02374657220870695 0.053125
3 0.99375 0.80390625 0.0125 0.0734375
3 0.9891411879466337 0.7984375 0.011328385440423716 0.0671875
3 0.9845264108192708 0.7859375 0.014498837235821682 0.075
1 0.99609375 0.74921875 0.0078125 0.0140625