3 0.2864273376286051 0.0734375 0.1539067708808471 0.134375
3 0.65625 0.53046875 0.253125 0.2390625
1 0.65390625 0.0703125 0.2265625 0.140625
0 0.0796875 0.69921875 0.153125 0.0984375
3 0.3171875 0.825 0.425 0.35
0 0.96875 0.6546875 0.0375 0.009375
2 0.7160183470965749 0.75859375 0.16202834308955402 0.1875
2 0.8171875 0.66875 0.046875 0.0375
2 0.9921875 0.6609375 0.015625 0.021875
3 0.97578125 0.70390625 0.0484375 0.0796875
3 0.784375 0.6578125 0.021875 0.015625
3 0.7640625 0.68203125 0.065625 0.0640625