3 0.215625 0.49921875 0.153125 0.1984375
3 0.39609375 0.84609375 0.2734375 0.3078125
3 0.4354234965786404 0.6671172387835144 0.05390679734245403 0.06749657220870695
3 0.2990769165738679 0.7030643500234411 0.19771353071290693 0.34175220452587246
0 0.28539786660568456 0.46878479879377705 0.036737478675999566 0.06895907825883114
0 0.3011677699315941 0.5233768500234411 0.04738407733927232 0.04402271077238851
0 0.3358154899347757 0.4997393621236895 0.025527258672817865 0.04545794574527377
0 0.41640625 0.43203125 0.1203125 0.0640625
0 0.4480427699315941 0.522522356269957 0.08517497867599957 0.06924087939029935
0 0.47551324192395805 0.5786087298065239 0.052253390674726855 0.059674981849627426
0 0.5203125 0.56484375 0.059375 0.1140625