1 0.20664841315696178 0.3257328156676035 0.11121930113146812 0.04908291549465282
1 0.3721688740275463 0.344665143730043 0.11916815651766229 0.07256586729005096
0 0.6919915363989411 0.14711641539645698 0.17559087334017515 0.10258062021691723
3 0.66171875 0.3734375 0.1640625 0.23125
0 0.50390625 0.53984375 0.1515625 0.1015625
0 0.521875 0.5984375 0.115625 0.134375
0 0.05625 0.628125 0.1125 0.196875
0 0.45235075683569115 0.7773690803019347 0.1761635659621911 0.20101812021691715
0 0.084375 0.92890625 0.15 0.1421875
0 0.425 0.9328125 0.20625 0.134375
1 0.5609375 0.86015625 0.0375 0.1296875
0 0.07734375 0.821875 0.1546875 0.128125
3 0.07602006099222139 0.7353345537637468 0.10385222872636941 0.12559996369925486
3 0.21306099785870067 0.8150407553627531 0.17790787314378348 0.23227721057599676
1 0.2045859434075828 0.6602987132082754 0.10370678298109545 0.10059996369925486
3 0.4457245486955812 0.5734173785065366 0.07748971662612103 0.1598204275949012
3 0.55625 0.7625 0.046875 0.190625
3 0.17421875 0.96796875 0.1296875 0.0640625