1 0.46791577048806365 0.253125 0.10496930113146821 0.0484375
1 0.3125151981811608 0.26484375 0.11447156615858275 0.0703125
3 0.4421875 0.43828125 0.29375 0.1234375
3 0.20703125 0.45703125 0.2890625 0.0859375
1 0.25502943022717994 0.51796875 0.012636355386194254 0.0234375
1 0.2630737343837102 0.5578125 0.01887726502711464 0.021875
3 0.049565225406719725 0.51875 0.014235216822512742 0.0296875
3 0.06674818022717992 0.51796875 0.014217036104353476 0.0265625
3 0.26404588192438216 0.590625 0.025236349336070062 0.040625
3 0.2879237434588965 0.53203125 0.04411361436318471 0.0625
3 0.8642913216195318 0.809375 0.08998062626704133 0.1578125
3 0.95 0.95703125 0.1 0.0859375
1 0.9596310926967707 0.8140625 0.07244769262201593 0.0984375
1 0.8549703428931623 0.684375 0.04407725292686635 0.05625