1 0.64609375 0.08046875 0.0078125 0.0171875
1 0.5411300358097659 0.11224741072107491 0.021974993949875808 0.01731476502711473
3 0.5538845658639951 0.15592468784843794 0.03302157825883114 0.03612839754067192
1 0.13113338797450633 0.2763569251590144 0.015770445745273864 0.02509090359079611
1 0.14852996623333756 0.3121944312091386 0.020439765027114642 0.02199317466803503
3 0.1573009782353901 0.3426131842342007 0.029932939695149673 0.042360216822512696
3 0.16554020423128502 0.28162568725926274 0.051944295081343926 0.06592498184962743
3 0.8666764991162372 0.22450301278761947 0.01418976502711473 0.02195681323171659
3 0.9712730955254412 0.2082689587292851 0.00945681323171641 0.014117042154477843
3 0.8143736557320954 0.23183878981678668 0.015752265027114732 0.02196590359079629
1 0.8642463907049809 0.20967289832623895 0.004732951795397966 0.007839771077238922
1 0.969660598550503 0.19968429908836463 0.004723861436318444 0.006277271077238922
1 0.8111713876799188 0.2185757205349459 0.007867042154477843 0.009420451795398143