3 0.3578125 0.34609375 0.14375 0.1265625
3 0.18203125 0.365625 0.1328125 0.0875
3 0.0515625 0.36953125 0.103125 0.0796875
1 0.14682680995386582 0.2247143579328667 0.08535679201145392 0.085356792011454
0 0.340625 0.42421875 0.10625 0.0296875
0 0.22734375 0.4421875 0.0984375 0.065625
0 0.2903222712842295 0.5048552965865947 0.033212489337999786 0.03475680800445424
0 0.19579102128422948 0.5059552672660941 0.039535214672181594 0.04107953333863605
0 0.1440285266152296 0.5237427512730937 0.041134077339272324 0.0442227146721816
0 0.01484375 0.55078125 0.0296875 0.0421875
2 0.02890625 0.6359375 0.0578125 0.13125
2 0.15234900926959388 0.614258663271821 0.06864200668363551 0.12578179734245404
2 0.2624865305935943 0.6817177885900945 0.24188170138445209 0.3793260626989077
2 0.19108479260822991 0.5747507205999576 0.07291133601209036 0.08989884134309048
2 0.3609375 0.5984375 0.1375 0.359375
2 0.8109375 0.7046875 0.378125 0.590625