1 0.12891429859738537 0.0953125 0.0928238251355733 0.109375
3 0.0578125 0.2765625 0.115625 0.246875
0 0.43671875 0.1578125 0.0359375 0.046875
0 0.4778148860295987 0.1890625 0.05342498184962743 0.0515625
0 0.5536188619272978 0.18515625 0.04557612041330881 0.0453125
0 0.6069347594679698 0.15234375 0.03773634933607006 0.040625
0 0.6362722806434045 0.2125 0.04557612041330898 0.0453125
0 0.6722597776183423 0.20390625 0.039317030054229284 0.04375
0 0.7083381781840765 0.1796875 0.03615566861791084 0.0375
0 0.7103501300776704 0.23671875 0.04400453005422946 0.04375
0 0.782543292645457 0.18203125 0.03928066861791084 0.0375
0 0.7766927475641131 0.24765625 0.042451120413308986 0.0453125
0 0.821251268641352 0.24296875 0.040870439695149585 0.0421875
0 0.8650876270526083 0.228125 0.039298849336070064 0.040625
0 0.8749984373574586 0.2703125 0.04558521077238851 0.046875
0 0.9321251361277947 0.25390625 0.04399543969514959 0.0421875
0 0.9711194584346975 0.265625 0.05029998184962743 0.0515625
2 0.4375 0.2578125 0.0375 0.084375
2 0.471875 0.3140625 0.10625 0.171875
2 0.5326064042781672 0.30546875 0.12597266842151916 0.1671875
2 0.5869399011549092 0.23203125 0.06915906615858276 0.0703125
2 0.60703125 0.32578125 0.1296875 0.1484375
2 0.6890625 0.3421875 0.1 0.115625
2 0.662489346998379 0.271875 0.05351588544042354 0.0671875
2 0.7071115005891752 0.25625 0.07224770472226431 0.0640625
2 0.764074572896078 0.26796875 0.08805451190385663 0.0953125
2 0.75625 0.34765625 0.1 0.1046875
2 0.8078125 0.34921875 0.075 0.1015625
2 0.8420177657144856 0.29921875 0.03303975897699054 0.0390625
2 0.8484375 0.35546875 0.1125 0.0890625
2 0.9167814163784156 0.33984375 0.06299087939029953 0.084375
2 0.93828125 0.3546875 0.1234375 0.090625
2 0.975 0.35546875 0.05 0.0890625
2 0.21117631099222134 0.66484375 0.1501555778660478 0.2953125
2 0.08729844945770701 0.60625 0.09013516237139489 0.184375
0 0.24369896126336785 0.44609375 0.06613406010845857 0.0875
0 0.12951828659533282 0.46640625 0.02996021077238851 0.046875
2 0.5640336662802199 0.8 0.20356237899751584 0.34375
0 0.5818216508603217 0.5625 0.11500789734428025 0.1625