1 0.2546875 0.1984375 0.509375 0.365625
3 0.334375 0.54765625 0.66875 0.2234375
2 0.84296875 0.10234375 0.3140625 0.2046875
2 0.834375 0.09375 0.33125 0.1875
0 0.59453125 0.96015625 0.0859375 0.0796875
1 0.0296875 0.92109375 0.059375 0.1453125
1 0.23359375 0.66875 0.0734375 0.01875
1 0.3996294720321349 0.7424264537403056 0.042496582670272606 0.026807939695149587
3 0.0640625 0.77265625 0.128125 0.1984375
3 0.21068569804263443 0.8186657251121321 0.14782152402927143 0.21647040339440443
3 0.38170672270845263 0.8134111194313502 0.08370338534372675 0.07704428903121965