2 0.79375 0.1546875 0.4125 0.309375
0 0.0859375 0.4296875 0.0171875 0.028125
2 0.05703125 0.4640625 0.0453125 0.0671875
2 0.4328125 0.778125 0.028125 0.303125
2 0.61640625 0.603125 0.0359375 0.0984375
2 0.57421875 0.634375 0.0625 0.1296875
2 0.65390625 0.63203125 0.053125 0.11875
2 0.69921875 0.6328125 0.0359375 0.096875
2 0.72578125 0.6828125 0.065625 0.1671875
2 0.775 0.60390625 0.040625 0.0921875
2 0.80234375 0.684375 0.0640625 0.1203125
2 0.83515625 0.640625 0.025 0.075
2 0.88359375 0.70078125 0.0921875 0.184375
2 0.93828125 0.640625 0.034375 0.1015625
2 0.965625 0.66953125 0.06875 0.1234375
0 0.97109375 0.5640625 0.03125 0.034375
0 0.953125 0.55546875 0.025 0.0296875
0 0.90078125 0.5625 0.0453125 0.0453125
0 0.83125 0.57734375 0.0171875 0.025
0 0.81015625 0.56796875 0.0328125 0.0375
0 0.80078125 0.54765625 0.01875 0.0140625
0 0.77578125 0.52734375 0.0234375 0.025
0 0.7421875 0.54296875 0.0421875 0.04375
0 0.71484375 0.55625 0.015625 0.0203125
0 0.65234375 0.53515625 0.0328125 0.0328125
0 0.59296875 0.52109375 0.015625 0.0171875
0 0.5828125 0.52734375 0.034375 0.0265625
0 0.434375 0.50546875 0.03125 0.1015625