0 0.5140625 0.21171875 0.16875 0.1984375
1 0.70546875 0.42421875 0.0109375 0.0109375
1 0.75390625 0.40234375 0.0140625 0.0140625
1 0.76875 0.41328125 0.0109375 0.009375
3 0.7109375 0.4625 0.025 0.0375
3 0.75390625 0.43828125 0.01875 0.034375
3 0.77734375 0.44609375 0.025 0.0359375
3 0.72890625 0.44609375 0.0265625 0.0421875
3 0.71328125 0.475 0.04375 0.115625
2 0.6203125 0.4671875 0.38125 0.24375
1 0.1046875 0.890625 0.0140625 0.025
1 0.12109375 0.928125 0.0203125 0.0234375
3 0.1296875 0.96015625 0.0296875 0.0421875
3 0.13984375 0.896875 0.0515625 0.0671875
3 0.6 0.66015625 0.1125 0.1421875