1 0.43828125 0.16883674208304172 0.1015625 0.09024428668045381
3 0.45078125 0.43828125 0.0984375 0.1421875
3 0.3328125 0.6328125 0.30625 0.246875
0 0.58828125 0.8401635653644076 0.0328125 0.03319430800445424
0 0.86640625 0.7918373427354968 0.046875 0.04585794000636341
0 0.9046875 0.7782202854073602 0.034375 0.03789998933799978
0 0.9359375 0.7434276620782692 0.046875 0.048982940006363405
2 0.60078125 0.9364027660327713 0.065625 0.11482611600890884
2 0.85546875 0.8971788234006788 0.0859375 0.15256247334499945
2 0.91015625 0.8665651700747693 0.0609375 0.11945907200827222
2 0.9546875 0.8483333380808145 0.08125 0.13219542934436318