1 0.24957535752749357 0.1679023786203203 0.10994769262201594 0.09971019334818117
3 0.17578125 0.46171875 0.2109375 0.1765625
1 0.94140625 0.58359375 0.1171875 0.0671875
1 0.8774468692349586 0.8884104945496872 0.09884656615858275 0.07145792401336308
1 0.8387338271786767 0.8146371872215505 0.06129202400410492 0.06164657200827221
1 0.92421875 0.965625 0.0546875 0.06875
1 0.73046875 0.5640625 0.1109375 0.028125
3 0.65234375 0.83046875 0.2046875 0.3390625
3 0.89375 0.79765625 0.2125 0.2859375
3 0.76640625 0.96484375 0.1046875 0.0703125
1 0.53671875 0.97265625 0.0921875 0.0546875