2 0.81484375 0.18984375 0.3703125 0.3796875
0 0.5671021833504379 0.5129742613146815 0.19645788524403188 0.19801129488495234
1 0.7210322010098311 0.7865168213249442 0.011001132513557365 0.011001132513557365
1 0.7764509540348933 0.7782457790722707 0.014144313231716587 0.014144313231716587
1 0.7882560624461497 0.7931577067653677 0.011001132513557365 0.011001132513557365
3 0.7165810503459011 0.8271145502477054 0.02366475897699054 0.039198855386194255
3 0.7672850322937246 0.814128736917793 0.015834078258831142 0.03602840359079629
3 0.787679345525441 0.8283094115858279 0.023655668617910842 0.037636355386194253
3 0.7391645774732643 0.8147463604543598 0.025254530054229285 0.04389544574527378
3 0.7150912732185383 0.8396054598886258 0.036637457649130664 0.12052157825883114
2 0.565625 0.8390625 0.3625 0.321875