2 0.040625 0.9046875 0.08125 0.190625
2 0.1798654819382756 0.7459193853039559 0.05116360534690845 0.10058180267345432
2 0.14737969859963945 0.7853546026416375 0.08125109468490824 0.13530224801081764
2 0.22261605593573025 0.764169398631456 0.0701681440165447 0.12267497867599948
2 0.2664751439370029 0.7542853212921837 0.04958292401336308 0.09900112133990895
2 0.30192174793127585 0.7960546506206385 0.09104426535645356 0.17134883601209036
2 0.33182797127627534 0.7097807959500477 0.05421588001272663 0.09436816534054504
2 0.37553197059995763 0.7803563779440026 0.08114200668363551 0.12592724801081764
2 0.39719843260663906 0.730892179941139 0.03681020401018138 0.07541817067154533
2 0.4171875 0.77578125 0.04375 0.1921875
0 0.428125 0.64140625 0.021875 0.0515625
0 0.379920573281366 0.6717262652769117 0.020621582670272608 0.026798857336090796
0 0.3588813672820024 0.6672842132797752 0.03797271467218159 0.04106135200509069
0 0.34500977128422955 0.6510415952816843 0.020512494668999893 0.0174238573360908
0 0.3170574939529113 0.6365251092855022 0.026889764003817974 0.028434082670272608
0 0.287896705283275 0.658736463956093 0.04743862133990877 0.048982940006363405
0 0.26500409794718427 0.6793125932925019 0.01900453866963625 0.022093176002545435
0 0.20102341394813875 0.6730267779678651 0.036355670671545236 0.036355670671545146
0 0.14087625461491146 0.6729455093093647 0.0174238573360908 0.020512494668999893
0 0.13218250728041153 0.6816392566438647 0.03786362667090888 0.03168635200509069