3 0.95859375 0.2484375 0.0828125 0.18125
3 0.8770427263886784 0.3125 0.1543976502711466 0.21875
3 0.65390625 0.34921875 0.2203125 0.3390625
3 0.45703125 0.3734375 0.1359375 0.290625
1 0.8193489219375605 0.1578125 0.04862839754067183 0.0328125
1 0.9352966296848869 0.10234375 0.05488748789975162 0.034375
1 0.98203125 0.0921875 0.0359375 0.034375
1 0.11947566608382801 0.6 0.05197156615858276 0.0703125
3 0.0578125 0.54765625 0.071875 0.0578125
3 0.1518745547457055 0.67109375 0.10729539129415606 0.1796875
0 0.5767376784786641 0.86484375 0.020430674668035033 0.0203125
2 0.5943791755517978 0.92109375 0.04256929508134384 0.065625