3 0.17423003003658924 0.12101521805377029 0.0064499946689998925 0.01726022533418181
2 0.8732862427195884 0.26263329010181347 0.04020792401336308 0.09889203333863614
2 0.9158282787237246 0.2935929361075405 0.06715223201781732 0.13201361600890865
2 0.8377032787237247 0.2926838694302683 0.05921246268299925 0.12098520934118148
2 0.7924089600572701 0.29371911075745033 0.03862724267981754 0.0973113520050907
2 0.7687811033974971 0.34421855008749597 0.07225790268936265 0.16800566000954512
2 0.7171089680537703 0.26706515674726905 0.04326019867918127 0.09267839600572696
2 0.6930543973981333 0.348024255410542 0.06858746268299924 0.12109429734245403
2 0.6589606607256336 0.3046646067393148 0.02899770401018138 0.07532726400381798
2 0.615625 0.365625 0.09375 0.1875
0 0.590625 0.228125 0.04375 0.046875
0 0.6597868167170431 0.2414015380728603 0.01904090133672707 0.025218176002545344
0 0.6792180693825431 0.23303505474217837 0.03481135200509069 0.03789998933799978
0 0.6875754620464525 0.2128225520766783 0.020494313335454352 0.015861357336090797
0 0.7115396733768161 0.1912293627466327 0.025290901336727244 0.025290901336727067
0 0.7468595553787252 0.20570094275140516 0.044277258672817864 0.0458215773392725
0 0.7735765967138615 0.21929127542167776 0.0174238573360908 0.020512494668999893
0 0.8342504673774526 0.19734409742995013 0.03319430800445424 0.03319430800445433
0 0.8926442227084527 0.18083839743790428 0.015843176002545433 0.01893181333545444
0 0.9020919480426345 0.18719748543917697 0.03626476400381797 0.028543170671545236