2 0.80546875 0.259375 0.3734375 0.51875
0 0.561577463916322 0.77109375 0.017387494668999894 0.0171875
3 0.5556450899109132 0.8109375 0.03819089067472685 0.059375
0 0.047388241923958054 0.71484375 0.03960794000636332 0.046875
0 0.01875 0.728125 0.0375 0.05
2 0.05900644724700397 0.790625 0.07013178134945379 0.11875
2 0.01796875 0.82109375 0.0359375 0.1390625
3 0.5696439552435042 0.81640625 0.07476473734881743 0.1140625
2 0.7161029739417754 0.59921875 0.04018974267981754 0.096875
2 0.6789751439370029 0.634375 0.06555336935072642 0.128125
2 0.754883663271821 0.6234375 0.05761360001590834 0.1171875
2 0.7994603666056845 0.61953125 0.03860906134627218 0.0953125
2 0.8294018579328668 0.66484375 0.07065904002227166 0.1640625
2 0.8694097872772298 0.58359375 0.04324201734563573 0.090625
2 0.9036933332670485 0.65859375 0.0670067813494537 0.11875
2 0.9315643419398665 0.61328125 0.027417022676635837 0.0734375
2 0.9671875 0.665625 0.065625 0.18125
0 0.98203125 0.5359375 0.0359375 0.034375
0 0.9221171639481387 0.55234375 0.019040901336727246 0.025
0 0.901114320615866 0.54453125 0.03481135200509087 0.0375
0 0.8903859059516386 0.5265625 0.020494313335454352 0.015625
0 0.83203125 0.534375 0.0421875 0.03125
0 0.807364320615866 0.54453125 0.017423857336090885 0.0203125
0 0.74453125 0.53203125 0.0328125 0.0265625
0 0.6859375 0.525 0.015625 0.0125
0 0.675 0.53046875 0.034375 0.0234375