3 0.13515625 0.62265625 0.2265625 0.2453125
3 0.471875 0.640625 0.15625 0.28125
2 0.8645953277678519 0.5824099197962612 0.04121587334017533 0.10179884933607006
2 0.9093083849494443 0.6134008445624921 0.0695408612399266 0.13633747579950323
2 0.8272816801289841 0.6146593384141721 0.06010222872636932 0.1253454336450254
2 0.7796345204880637 0.6164990943661003 0.03965337334017516 0.10178975897699054
2 0.7549435926967707 0.6697695401113742 0.07445562021691714 0.175427246876742
2 0.7013549843837101 0.5903911123200812 0.04587610226293641 0.09713862041330898
2 0.6760600685944697 0.674134853244895 0.0710488190854491 0.12697156615858277
2 0.6406447433607007 0.6298081363241863 0.028579517953980903 0.07828862646343318
2 0.596875 0.69375 0.09375 0.19375
0 0.571875 0.55078125 0.04375 0.0484375
0 0.6410441982793567 0.5641785911446465 0.018904536104353654 0.02667158430895533
0 0.6620788609453392 0.5538996212970717 0.03616475897699054 0.03927157825883114
0 0.6713356862773041 0.533532579142594 0.020403403590796287 0.015743174668035032
0 0.6953125 0.51171875 0.025 0.0234375
0 0.732227734481906 0.5253655551384889 0.04558521077238851 0.04713862041330881
0 0.7612112525340828 0.538478633495516 0.01731476502711473 0.021974993949875808
0 0.8234375 0.51484375 0.034375 0.0296875
0 0.884375 0.503125 0.015625 0.00625
0 0.8953125 0.50859375 0.0375 0.0171875