2 0.7732223139190876 0.28845642847866404 0.014198855386194253 0.023519313231716587
0 0.7795268560735653 0.27904506704234555 0.0063045421544778435 0.009411361436318443
0 0.8835694614597596 0.255003058163551 0.006295451795397966 0.007848861436318444
0 0.8742035518188391 0.25349510031802874 0.006286361436318444 0.006286361436318444
0 0.8913910518188392 0.25339510636815293 0.007848861436318444 0.006295451795397966
0 0.9053535578689633 0.2705007931364364 0.0062954517953983215 0.007848861436318444
2 0.9045132205349459 0.2806615883159761 0.012572722872636888 0.012572722872636888
2 0.890518898228043 0.26902465154769273 0.012618174668034854 0.020385222872636888
2 0.8835149193052818 0.264378058163551 0.004742042154477844 0.009402271077238922
2 0.8733723048439014 0.2620933954975685 0.009429542154477843 0.009429542154477666
0 0.55625 0.546875 0.175 0.234375
2 0.603125 0.89921875 0.26875 0.2015625