0 0.7390625 0.053125 0.21875 0.10625
2 0.8109375 0.32109375 0.378125 0.3171875
1 0.5265625 0.6402641100413617 0.0109375 0.00950226933481808
1 0.471875 0.6310340133672712 0.0125 0.012645450668363622
1 0.4609375 0.6465317440324531 0.0109375 0.011064769334818082
3 0.53203125 0.6801714947087708 0.0234375 0.0377727200031817
3 0.48203125 0.6670896920353165 0.0171875 0.034574994668999895
3 0.46171875 0.6809158346992257 0.0234375 0.036210220003181706
3 0.51015625 0.6674169560391345 0.025 0.04247840133672707
3 0.5328125 0.6918993353755435 0.0375 0.11918635200509069
2 0.684375 0.765625 0.36875 0.46875