0 0.5604632386853184 0.1671875 0.218423788834828 0.2125
0 0.95390625 0.25703125 0.0921875 0.2140625
0 0.665625 0.40078125 0.1625 0.0578125
0 0.9453125 0.38203125 0.109375 0.0953125
0 0.6453508022116227 0.34765625 0.16956813231716553 0.140625
3 0.634122931601922 0.26328125 0.11484427088084707 0.134375
3 0.77734375 0.31484375 0.2015625 0.2296875
1 0.751833127249 0.1734375 0.1131363251355733 0.109375
3 0.96484375 0.0703125 0.0703125 0.140625
3 0.59375 0.659375 0.328125 0.28125
1 0.5109375 0.82890625 0.1625 0.1359375