0 0.9101592325369985 0.32375764855191436 0.028306807181592574 0.031577264003817974
0 0.8336285487937772 0.31917978389564117 0.023573855386194255 0.023710220003181702
0 0.7719916120254936 0.30583544657068623 0.01259999394987581 0.017332950668363534
0 0.790805244539051 0.2946797705681409 0.028306807181592487 0.031577264003817974
0 0.7820615036142373 0.32056101790264085 0.047120439695149584 0.04273294000636332
0 0.6970416090004316 0.2981144005808676 0.025154536104353475 0.02685340133672707
0 0.6446978590004315 0.29872347525464 0.050263620413308986 0.04589430267345422
0 0.5978137686413519 0.3008314152610033 0.01886817466803503 0.020530676002545344
0 0.5860995638208918 0.30018652526259415 0.01886817466803503 0.020530676002545344
0 0.5556944463344491 0.28960356126673037 0.034565897540672096 0.033212489337999786
2 0.575579699457707 0.36280470393063957 0.04574883723582168 0.07552725867281787
2 0.5904507205349458 0.3579444812619578 0.01594316256778665 0.05486931333545435
2 0.6606859524827691 0.3704075712524128 0.020457945745273775 0.0252363573360908
2 0.6872302717646099 0.3732234885821403 0.06932269262201593 0.09923747867599957
2 0.7473728862259905 0.3748672572406407 0.03177724082661779 0.09098862667090887
2 0.7794177717646098 0.372150789902959 0.06291815651766228 0.07260225334181776
2 0.8191978892510526 0.3826246658975502 0.04892837939029926 0.08493862133990877
2 0.7720638140172834 0.4277013559039135 0.09149767447164336 0.15105451734563574
2 0.6244802868899205 0.41691949192395805 0.10097266842151917 0.16835110534690845
2 0.553125 0.37109375 0.046875 0.1109375
2 0.9120939163784156 0.39404287655159626 0.06308178298109546 0.10072725334181776
0 0.5641518409482548 0.31294106393223037 0.00791249394987581 0.017278406667727175
0 0.33479912159165937 0.8355502185710044 0.09745678298109546 0.10112724267981754
0 0.3976990973911624 0.7660729652291867 0.07855224687674216 0.0743465666772721
0 0.22835874493183442 0.7352331399188674 0.04400453005422929 0.0442590773392725
0 0.11480023897990606 0.7842075366009121 0.0551511083130606 0.0803238466740905
0 0.049302504007020784 0.7630961526098208 0.07865224082661779 0.0915340666772722
2 0.04765625 0.91328125 0.0953125 0.1734375
2 0.09765625 0.915625 0.1046875 0.16875
2 0.22836276923052717 0.8688177992520947 0.09161584913967821 0.17136701734563572
2 0.31796875 0.95078125 0.1703125 0.0984375
2 0.4 0.91640625 0.103125 0.1671875