3 0.28828125 0.021875 0.2453125 0.04375
0 0.12554018073676954 0.6217166272676848 0.04900112133990877 0.04900112133990895
0 0.1684816587364514 0.618872890595185 0.03482953333863605 0.039462489337999784
0 0.21115041673295157 0.5925916539226854 0.04901930267345413 0.05056362133990895
0 0.31712824407222395 0.6351144139083679 0.03168635200509069 0.03786362667090888
0 0.34093791406745144 0.5996763532384135 0.03481135200509069 0.03789998933799978
0 0.38094584341181453 0.6804718198997775 0.036282945337363516 0.030105670671545327
2 0.08375321741722344 0.7237791139401846 0.08933631468808993 0.158830654678545
2 0.14921458541531435 0.7089529979312759 0.06393632535008997 0.12416475334181776
2 0.19916004141467808 0.7036836952578216 0.08441245735199913 0.13846361067790855
2 0.2804196794239049 0.7707161065802313 0.04160679201145392 0.08484771467218159
2 0.3220526487507689 0.7225689605745043 0.0799794960216353 0.16028406667727219
2 0.3726435420909958 0.77276840790105 0.05952154535327185 0.1475477093411815
2 0.5015625 0.76328125 0.034375 0.1609375
1 0.80703125 0.5140625 0.3859375 0.25
3 0.759375 0.9015625 0.48125 0.196875