0 0.48046875 0.05078125 0.1671875 0.1015625
0 0.45703125 0.11015625 0.1546875 0.1390625
0 0.9375 0.0984375 0.125 0.196875
0 0.5604537701934761 0.27734375 0.18401242739850954 0.20625
0 0.92890625 0.4 0.1421875 0.153125
0 0.60234375 0.41875 0.2140625 0.121875
1 0.4296875 0.371875 0.1 0.134375
0 0.92578125 0.29140625 0.1484375 0.1328125
3 0.9272276588553534 0.20625 0.10856699980360815 0.1296875
3 0.7996253545024314 0.29609375 0.18731923458010194 0.2375
1 0.7940424541330892 0.1421875 0.10842155405833438 0.1046875
3 0.5484375 0.078125 0.084375 0.15625
3 0.43203125 0.27734375 0.1046875 0.1953125
3 0.8515625 0.4453125 0.134375 0.06875
2 0.75390625 0.4875 0.0328125 0.015625