3 0.940625 0.1140625 0.11875 0.228125
3 0.3074726532962086 0.7646652207192703 0.03616475897699036 0.03948067067154533
1 0.3072408491396783 0.7248214707192704 0.01726931323171659 0.014262494668999893
2 0.453125 0.8671875 0.028125 0.1
2 0.47890625 0.91328125 0.0796875 0.1734375
2 0.5178566831540461 0.828473182049634 0.048992011903856714 0.09587612133990868
2 0.5573691559284872 0.9062714653882702 0.07417381908544911 0.12741702267663585
2 0.583649854797019 0.8581430480585428 0.0317045179539809 0.0784886266709087
2 0.63984375 0.90703125 0.1078125 0.1859375
2 0.6874742915653025 0.8452896067393147 0.04279655405833438 0.10517839600572705
2 0.7243293969514968 0.8691543680776327 0.08669199980360816 0.13068747334499947
2 0.815612927103922 0.8491242260900413 0.0616374576491304 0.12102157200827231
2 0.8657720083878153 0.8770497787634955 0.09301472267624504 0.14326019867918127
2 0.9163350897699045 0.8401406721037225 0.06783291549465283 0.11171929734245403
0 0.9205498910977642 0.7589452161043588 0.03458407825883114 0.03633748933799978
0 0.8455771621750031 0.7627600120941775 0.04402271077238851 0.0473840773392725
0 0.8126828489432866 0.7483157040897231 0.03460225897699054 0.039462489337999784
0 0.7088675025340828 0.762731645408951 0.03302157825883114 0.03631930800445442
0 0.6900856862773042 0.7570447194064057 0.02674430718159222 0.03155908267027261
0 0.6378282946885605 0.7712793947326333 0.04872839149054773 0.05056362133990877
0 0.5707771500747547 0.7939350973901792 0.020467036104353475 0.026798857336090887
0 0.5480845386384363 0.7874214680537703 0.03617384933607006 0.04104317067154532
0 0.5362567043294809 0.7685351080521794 0.02040340359079611 0.015861357336090797
0 0.5072504603796051 0.7510112533815887 0.025154536104353475 0.02685340133672707
0 0.47533283986810027 0.7701697860439071 0.04558521077238851 0.04740225867281787
0 0.45044646935659555 0.78941013470718 0.01887726502711473 0.022093176002545168