0 0.9616305800445435 0.06466795743154093 0.022111357336090976 0.020567038669636162
0 0.897513536043907 0.059235022756177716 0.01111931333545435 0.015752269334818082
0 0.9145283133752253 0.044591267425177605 0.025345445337363513 0.029978401336727068
0 0.910177168045816 0.07344297342454124 0.04418635200509051 0.0380090773392725
0 0.820206148710998 0.0614600467456782 0.023728401336727246 0.025272720003181703
0 0.7679623960454979 0.06944472207190575 0.04580339600572696 0.04271475867281786
0 0.7219777340467706 0.07828337273231516 0.015843176002545433 0.01893181333545444
0 0.708714665380316 0.0796913313971789 0.017405676002545434 0.01894999466899989
0 0.6758112587125888 0.07149702339272457 0.03159544533736351 0.030051126670908878
0 0.632542516709089 0.04521578672022484 0.023710220003181702 0.023710220003181702
0 0.590625 0.01953125 0.0375 0.0390625
0 0.6032186433799979 0.07612034138286136 0.06646134134309048 0.07263861600890867
0 0.5402373853834976 0.10116524737427084 0.020585220003181703 0.023673857336090797
0 0.5182442067154522 0.09075445870463464 0.012609088001272717 0.009520450668363623
2 0.520860676718634 0.11421923070495277 0.014389764003817973 0.028288632001908988
0 0.5018197753819068 0.08900105470240742 0.025290901336727067 0.025290901336727067
0 0.4586328493793615 0.06975106802990769 0.030014764003817973 0.028470445337363516
0 0.3978862533815887 0.0854482460216354 0.023728401336727066 0.025272720003181703
0 0.3534640913828614 0.09430507801559021 0.020585220003181703 0.023673857336090797
0 0.30859375 0.08828125 0.0171875 0.0296875
2 0.3171875 0.17421875 0.034375 0.1140625
2 0.3551907707272245 0.17556416868236296 0.06046588001272664 0.09444089067472702
2 0.3988953173933608 0.1721669960216353 0.034048830681090214 0.10663180800445424
2 0.4573799793920882 0.16347379602958956 0.059121556015271894 0.11317270934118148
2 0.49954929805854276 0.16240219203531653 0.04800224267981754 0.0974204400063634
2 0.535514070058861 0.16516411270686177 0.035338610677908555 0.08321248933799978
2 0.640455561386043 0.12107885272117933 0.03532042934436319 0.08164998933799979
2 0.7094601000556793 0.1437538313971789 0.03835452267663584 0.0738738520050907
2 0.7242220340547247 0.13689530406586056 0.010029528007635947 0.05635908800127272
2 0.7961333967218156 0.14085664540895104 0.017460220003181703 0.023637494668999892
2 0.8234498747214974 0.13883106874599632 0.06202838001272672 0.09445907200827239
2 0.885086808720543 0.1325179814210414 0.02136701734563573 0.0908613573360908
2 0.9170271520528157 0.12507819875872306 0.05704997867599957 0.06940452800763594
2 0.959269196053452 0.13025659476445012 0.04002611067790838 0.08326703333863605
2 0.9192532707272244 0.1821276300922685 0.07827154535327167 0.14776588534372675
2 0.7685992900620425 0.19131063140513307 0.08624767735518075 0.1619192920114539
2 0.6729049820575883 0.15738907005886088 0.06996814934754489 0.10548747867599957
2 0.5726413527211793 0.13356921471195243 0.05000109468490823 0.13493862133990878
2 0.6164379007399512 0.2723413607176795 0.09664083203372584 0.2495283800127268
0 0.6885839787157705 0.0950799740610881 0.0064499946689998925 0.01726022533418181
3 0.12734375 0.5734375 0.2546875 0.0875