2 0.45326850496996973 0.4169481681269315 0.011055674668035032 0.020376132513557365
2 0.9640625 0.00625 0.01875 0.0125
2 0.9635550025340827 0.039461055905046116 0.015715903590795933 0.0157159035907962
0 0.9595942103796051 0.030063330007347046 0.007857951795398322 0.007857951795398143
0 0.9142862555591449 0.03058095959403815 0.007867042154477843 0.009420451795398143
0 0.88125 0.0046875 0.009375 0.009375
3 0.8651720446885605 0.04826336328303018 0.018968168617910664 0.037609084308955334
1 0.8610839875069681 0.016990637385331197 0.009438632513557366 0.010992042154477666
2 0.8877101200205255 0.028082673489684674 0.020503397540672097 0.03293067466803503
2 0.9073322736113216 0.043821302978179856 0.01418067466803521 0.020394313231716588
2 0.8769862434588965 0.06473779097612731 0.011028403590795932 0.015688632513557364
1 0.16571187929210351 0.767793571521336 0.22906130698520055 0.16226469242562427