2 0.43671875 0.31015625 0.0390625 0.0359375
2 0.78671875 0.2546875 0.3921875 0.509375
0 0.475 0.54140625 0.0203125 0.0203125
0 0.41171875 0.53828125 0.0109375 0.015625
0 0.4265625 0.5234375 0.025 0.028125
0 0.42421875 0.55078125 0.04375 0.0375
0 0.3359375 0.5421875 0.0234375 0.0234375
0 0.28359375 0.55078125 0.0453125 0.040625
0 0.2390625 0.56171875 0.015625 0.01875
0 0.22578125 0.5625 0.0171875 0.01875
0 0.19453125 0.55625 0.03125 0.0296875
0 0.1515625 0.53125 0.0234375 0.0234375
0 0.11015625 0.51875 0.0390625 0.01875
0 0.12265625 0.5625 0.065625 0.071875
0 0.06015625 0.5890625 0.01875 0.0234375
0 0.03828125 0.57890625 0.0109375 0.009375
2 0.0421875 0.60234375 0.0140625 0.028125
0 0.021875 0.578125 0.025 0.025
2 0.02265625 0.64921875 0.0453125 0.0953125
2 0.05703125 0.65234375 0.0359375 0.0828125
2 0.159375 0.60625 0.0359375 0.08125
2 0.22734375 0.6265625 0.0390625 0.071875
2 0.240625 0.61875 0.009375 0.0546875
2 0.3125 0.6203125 0.0171875 0.0234375
2 0.33984375 0.61796875 0.0609375 0.09375
2 0.39921875 0.61015625 0.021875 0.0890625
2 0.43046875 0.60234375 0.05625 0.06875
2 0.47265625 0.60546875 0.040625 0.08125
2 0.4328125 0.65859375 0.0765625 0.1453125
2 0.2859375 0.67109375 0.084375 0.1609375
2 0.19140625 0.640625 0.06875 0.103125
2 0.0921875 0.61953125 0.05 0.13125
2 0.1359375 0.7546875 0.0953125 0.2453125
0 0.20703125 0.57890625 0.00625 0.0171875