0 0.07109375 0.47265625 0.1015625 0.0453125
0 0.034181359285502214 0.5465413820416799 0.03323067067154524 0.03631930800445442
0 0.13065691728995654 0.5148470340547248 0.041097714672181596 0.041097714672181596
0 0.1884785079567292 0.5147384933959062 0.04271475867281786 0.04580339600572696
0 0.33479952462604734 0.49690719808240524 0.0442590773392725 0.0442590773392725
0 0.3595904392902748 0.5151668494191324 0.027035214672181597 0.04093408267027261
0 0.38312793662477473 0.506845819422314 0.03958975867281787 0.045767033338636055
2 0.41198818594845693 0.5782850147596775 0.05906701201463562 0.10848520934118148
2 0.3493609166136388 0.5884952614178598 0.07193063868554468 0.1398806600095451
2 0.20846319661045715 0.6102964413987697 0.06717041335136287 0.13357611600890867
2 0.1204808439290487 0.7178811273869975 0.24055555872054296 0.3996203813653622
2 0.15799102928072967 0.5831430480585428 0.07451019867918127 0.09304202267663583
2 0.03046875 0.6890625 0.0609375 0.375
0 0.8110422092616396 0.8615771307288153 0.015788632001909164 0.01424431333545435
3 0.8153751732575035 0.8921004247294517 0.022274989337999783 0.03462953866963616