2 0.3515625 0.4315923083599428 0.0453125 0.048701120413308985
2 0.1078125 0.40254165437636313 0.05625 0.05970225292686635
0 0.83671875 0.221875 0.3265625 0.44375
2 0.815625 0.578125 0.36875 0.14375
3 0.2640625 0.846875 0.309375 0.30625
3 0.196875 0.69609375 0.040625 0.0921875
3 0.09375 0.8125 0.1875 0.325
3 0.07109375 0.69453125 0.0734375 0.0890625
3 0.0328125 0.76875 0.065625 0.2375
0 0.29921875 0.825 0.4734375 0.35
0 0.49296875 0.825 0.1734375 0.35
0 0.8390625 0.69921875 0.171875 0.0984375
3 0.740625 0.92890625 0.309375 0.1421875
3 0.6734375 0.8495989824388026 0.040625 0.11429884933607007
3 0.621875 0.85078125 0.084375 0.2984375
0 0.63671875 0.6755938558771736 0.021875 0.040752265027114556
0 0.78984375 0.825 0.4203125 0.35
0 0.94140625 0.825 0.1171875 0.35