0 0.04375 0.76953125 0.0875 0.1453125
0 0.02890625 0.45859375 0.0578125 0.0578125
3 0.09609375 0.92578125 0.1921875 0.1484375
0 0.925 0.59453125 0.15 0.1890625
0 0.94765625 0.68828125 0.1046875 0.1390625
0 0.8983787914146781 0.8683905379137767 0.18205107336090762 0.20521585335772627
0 0.8859375 0.975 0.2125 0.05
3 0.7483851453691802 0.5349342426002758 0.14409654002227157 0.1657170013526354
3 0.98515625 0.5046875 0.0296875 0.14375
3 0.68046875 0.9015625 0.1609375 0.196875
1 0.65234375 0.77109375 0.1046875 0.1015625
3 0.8796816933879519 0.6717064419160039 0.08308631468809011 0.1587579293443632