0 0.5566177912555945 0.2897916695016736 0.15717724801081764 0.08059653590796181
0 0.5868518259468661 0.10837804303824043 0.11980451734563573 0.09131586729005096
0 0.7950819492759572 0.13841448010111151 0.06442612667090888 0.03162270472226432
3 0.8068183332670484 0.20396675722847454 0.06644316000954512 0.07069429508134384
3 0.6589620885980485 0.22201329616149845 0.20378062269254435 0.1917976563212706
3 0.5914275012333228 0.4536405460633026 0.22429311736154425 0.20910333098930584
0 0.5076792098981866 0.7924273527539156 0.004723862667090906 0.0031522710772389217
2 0.5067979625636865 0.8010256479334554 0.004796588001272717 0.009402271077238922
0 0.5690701485519144 0.8873762383907309 0.00474204400063627 0.004714771077238921
0 0.6996928925445965 0.940518898228043 0.006322725334181811 0.006286361436318444
0 0.7262008485439602 0.9450518621236895 0.00474204400063627 0.004714771077238921
2 0.7260644885423694 0.9567706121236895 0.006377269334818081 0.010973861436318445
2 0.6995565325430058 0.952237648228043 0.009520450668363623 0.012554542154477844
0 0.8704973832352317 0.7629746394474444 0.004723862667090728 0.0031522710772389217
2 0.9628394245703682 0.7491570582617468 0.006340906667727353 0.007848861436318444
2 0.6083604625636865 0.8004347745932803 0.00793976933481808 0.010982951795398054
2 0.669052514560823 0.8211740005891752 0.006377269334818081 0.010973861436318445
2 0.7408911518937321 0.8238808440715127 0.004796588001272539 0.009402271077238922