3 0.5162569679344575 0.29904863758172284 0.022674978675999567 0.06887726502711473
0 0.07880296861077529 0.7250868792921035 0.0806147480108177 0.08015110831306042
0 0.2130870619430481 0.7336811501729507 0.03326703333863605 0.0392533975406721
0 0.2728700472629123 0.8332544241770558 0.03978975334181776 0.06272725897699054
3 0.2725876892505038 0.9246652193565955 0.054379512014635624 0.10812157220870695
3 0.21119675059677592 0.8289891049934109 0.05272610534690845 0.10029998184962743
3 0.0390625 0.9015625 0.078125 0.196875
1 0.93046875 0.4875 0.1046875 0.0375
3 0.6375 0.60625 0.15625 0.275
3 0.7767506672899565 0.6724901618804155 0.3413544427116341 0.3332135175611974
3 0.93515625 0.60546875 0.1296875 0.1671875