0 0.20546875 0.5042663609453392 0.034375 0.036137487899751616
0 0.121875 0.4873737767345796 0.0375 0.03928066861791084
0 0.03515625 0.46811926180566077 0.0390625 0.03772725897699036
0 0.25078125 0.5365612313586481 0.0375 0.037718168617910844
0 0.46796875 0.5581372912707149 0.0359375 0.037709078258831144
0 0.42265625 0.525842420857406 0.0328125 0.03612839754067192
0 0.15234375 0.5289572887366322 0.0390625 0.04241475897699036
0 0.38125 0.5537265263417961 0.0359375 0.03927157825883114
0 0.290625 0.5281992855151783 0.0328125 0.03769089754067192
0 0.08125 0.5301061773985095 0.040625 0.03773634933607006
0 0.328125 0.5182612041330892 0.0328125 0.0376908975406721
0 0.51171875 0.6115168213249442 0.05 0.0846658914905479
0 0.33828125 0.5597265414671067 0.0375 0.04396816861791084
0 0.0140625 0.50546875 0.028125 0.0453125
0 0.59453125 0.579967360356164 0.0390625 0.03928975897699054
0 0.55390625 0.5859810110200939 0.0390625 0.037727258976990544
0 0.51328125 0.5912134116840239 0.0390625 0.037727258976990544
0 0.5 0.5559798936318471 0.0328125 0.03300339754067192
0 0.42421875 0.5797577612164856 0.0390625 0.039289758976990365
2 0.6171875 0.7015625 0.025 0.16875
2 0.603125 0.7640625 0.053125 0.171875
2 0.57421875 0.703286685688129 0.10625 0.1599931444174139
2 0.53515625 0.6897781767111385 0.0640625 0.14256020472226433
2 0.4953125 0.7106401225546083 0.1 0.15683178298109546
2 0.48125 0.6214958093228916 0.03125 0.042369307181592396
2 0.4546875 0.6705600232185382 0.0796875 0.1442136083130606
2 0.4078125 0.6929435624461496 0.09375 0.14898292154477702
2 0.4140625 0.5992299238824681 0.0640625 0.06287270472226432
2 0.3640625 0.6536265323919204 0.0765625 0.1207579275949012
2 0.3125 0.6666078005422931 0.103125 0.14591246369925487
2 0.3078125 0.5775180294650542 0.0265625 0.025154536104353475
2 0.28828125 0.5938106499765589 0.059375 0.0519079336450254
2 0.23671875 0.6403856681269315 0.096875 0.13337610226293622
2 0.18671875 0.6104072766363837 0.08125 0.12234769867214013
2 0.10546875 0.5646220779642437 0.0328125 0.03144089754067192
2 0.02890625 0.5587079003693424 0.0546875 0.07531816256778665
2 0.01640625 0.63046875 0.0328125 0.1640625
2 0.05703125 0.6385590268327755 0.09375 0.15054542154477701