3 0.625 0.075 0.03125 0.125
0 0.3375 0.6795623184962738 0.096875 0.06618860226293624
0 0.51640625 0.67982191461089 0.11875 0.08194086729005097
0 0.1921875 0.7341856651018694 0.1125 0.07565450585373253
3 0.190625 0.8958953247427898 0.165625 0.18065107806243966
3 0.371875 0.8258560563960256 0.140625 0.15238063231716553
3 0.5359375 0.82109375 0.146875 0.1546875
0 0.31015625 0.4215907372123805 0.084375 0.06142837939029935
1 0.82734375 0.7412396409995685 0.103125 0.052162463699254855
1 0.9609375 0.74453125 0.078125 0.0734375
3 0.8421875 0.92578125 0.315625 0.1484375