1 0.43429967272312736 0.8258702128154919 0.12694429508134383 0.06636131908544911
1 0.3309161183702054 0.7354219539366975 0.13173178903121965 0.08357609016268804
1 0.06596380494209715 0.6182515928931623 0.12575449980360834 0.13041472872636942
1 0.1140625 0.30625 0.0875 0.0125
1 0.28125 0.32109375 0.06875 0.0421875
1 0.45402792808588066 0.3892514567653678 0.03918976502711473 0.022102258976990363
3 0.55390625 0.6984375 0.1109375 0.14375
3 0.45703125 0.934375 0.3046875 0.13125
3 0.2971764017440844 0.8946060563960254 0.1386726563212708 0.20236245159900648
3 0.04296875 0.76875 0.0859375 0.290625
3 0.09030125049097934 0.46370044827935664 0.17915221057599684 0.1775988009350765
3 0.2753211451047851 0.48821515583029135 0.12305674668035031 0.2038340480082102
3 0.44423477156821817 0.46107191461089003 0.07539088544042354 0.06762383723582169
1 0.7140625 0.35 0.209375 0.1
3 0.8046875 0.928125 0.390625 0.14375