3 0.8046875 0.3875 0.390625 0.2625
0 0.615625 0.64609375 0.0125 0.0203125
0 0.6267700156162899 0.6455535692632305 0.01886817466803503 0.020530676002545434
0 0.6588603529503073 0.6350246019255488 0.03456589754067192 0.033212489337999786
0 0.7012342053114395 0.6025024559198219 0.026707945745273777 0.02530908267027261
0 0.7412552173134921 0.571570081914413 0.042451120413308986 0.04580339600572696
0 0.7346643288480064 0.6302365572485948 0.0739011083130606 0.08054202267663584
0 0.8032916090004315 0.6505303285725953 0.022029536104353563 0.02681703866963616
0 0.8252438770526084 0.6369945399029591 0.012563632513557365 0.011082950668363623
2 0.8243171813073344 0.6620036305697317 0.01580680718159222 0.03143181333545435
0 0.8408870577707676 0.6336877265675046 0.02827953610435365 0.026889764003817974
0 0.8832109131569619 0.6097593305617776 0.03299430718159222 0.03163180800445442
0 0.9480001210024842 0.6183798052196415 0.0251545361043533 0.02685340133672707
0 0.99140625 0.62109375 0.0171875 0.0265625
2 0.98359375 0.70546875 0.0328125 0.1015625
2 0.9568569705349459 0.707333217218369 0.04127041549465282 0.1114102146721816
2 0.8951518560735654 0.705707629893414 0.06788745764913032 0.12109429734245403
2 0.8521694705349458 0.7085513665659138 0.05528746369925486 0.10376134667409058
2 0.8146331090986274 0.7152377185710044 0.04269656010845857 0.08799089600572696
2 0.7015563921779189 0.6813996152530492 0.04268746974937905 0.08642839600572697
2 0.6341961753554062 0.7118689125955033 0.044204517953980726 0.0786340773392725
2 0.6178217416121847 0.7065910665977304 0.014398843285945873 0.057976132001908987
2 0.6724137928418488 0.7223609699236399 0.07877950585373253 0.1134090666772721
2 0.7733995759211402 0.6860320239099587 0.06019313231716552 0.14131589067472686
2 0.7436342869881163 0.8340246285805494 0.11558968032537571 0.2638272373488174
0 0.6493444523845733 0.6593524399268216 0.00791249394987581 0.017278406667727175