1 0.8907396712501894 0.25396287567786624 0.03137726502711473 0.0220568071815924
3 0.9050839723816576 0.3024821889095828 0.06281816256778683 0.0550511143631847
0 0.059375 0.7703125 0.11875 0.20625
0 0.3578125 0.71171875 0.184375 0.1453125
0 0.30390625 0.6875 0.0609375 0.096875
1 0.1673152859079618 0.7287406827612627 0.10372496369925485 0.10372496369925469
3 0.20078125 0.95078125 0.0453125 0.0984375
3 0.3046875 0.9046875 0.203125 0.190625
3 0.31796875 0.91015625 0.0796875 0.1796875
3 0.38359375 0.89375 0.1328125 0.2125
0 0.27740335821486467 0.7176628030763756 0.059874969749379045 0.0862829336450254
0 0.22704935509160667 0.7908048664062882 0.02366475897699054 0.039198855386194255
0 0.18359375 0.821875 0.3671875 0.35625