0 0.5666709121750031 0.7545980163036609 0.026744307181592576 0.031404536104353474
0 0.48624306879086154 0.7620974197962612 0.02200226502711473 0.02200226502711473
0 0.4213811380727022 0.7593496696980654 0.011028403590796109 0.015688632513557364
0 0.43770102966144575 0.7444104709277293 0.02674430718159222 0.031404536104353474
0 0.43473965612487897 0.7725536516458886 0.045539758976990544 0.03932612041330898
0 0.3425067043294808 0.765277482831586 0.025145445745273776 0.025145445745273953
0 0.2902129513044188 0.7741757598607533 0.047129530054229284 0.04402271077238851
0 0.24262033381797607 0.7853905158126816 0.015734084308955332 0.01884090359079611
0 0.22934817417705577 0.7870302838648583 0.01729658430895533 0.01884999394987581
0 0.19649476756119738 0.7801899314055303 0.03299430718159222 0.03144089754067192
0 0.15181352663638367 0.7546677566392994 0.025145445745273776 0.025145445745273953
0 0.10948058089110986 0.7299131963344491 0.039307939695149674 0.04241475897699036
0 0.12231237899751593 0.7868717234618121 0.06918633723582168 0.07539997579950315
0 0.05841350546094901 0.8153694281840764 0.020448855386194252 0.02355567466803521
0 0.035693622947391736 0.8045637383907309 0.012554542154477665 0.009447722872636889
2 0.038959523513125746 0.8287643076725717 0.014235216822512697 0.029769313231716766
0 0.019282827767851885 0.8038779371610669 0.026717036104353477 0.026717036104353387
2 0.02109375 0.87734375 0.0421875 0.1015625
2 0.054884505362753175 0.8802359040817755 0.03799087939029935 0.08459316861791066
2 0.16085724941082483 0.8319615096643614 0.036428379390299345 0.08458407825883114
2 0.23051121925839962 0.8526507386853185 0.041061337235821685 0.07523634933607007
2 0.24609076746300157 0.8447473350945224 0.009711343285945872 0.05786704215447784
2 0.31953735782208115 0.8458825882177802 0.018886355386194254 0.023546584308955686
2 0.34686292710392197 0.8425985069338869 0.06306360226293624 0.09723861436318479
2 0.40854077048806364 0.8352081877502421 0.02241133118569749 0.09231476502711464
2 0.4412987283335859 0.8256422902095701 0.05978406615858276 0.0706579336450254
2 0.484290204231285 0.8292985553348806 0.04267837939029935 0.08462043969514958
2 0.4447600716195318 0.883436609491411 0.08056017447164336 0.1504636083130606
2 0.29171688485124836 0.8983899646812133 0.09002607806243948 0.16614315046753808
2 0.1946555324901162 0.8669223169441498 0.0709306444174139 0.10665906615858275
2 0.09218906264254141 0.8464239854638647 0.052353361239926774 0.13623748184962742
2 0.1375 0.92890625 0.1 0.1421875
2 0.5765625 0.8234375 0.046875 0.1
0 0.20991237294739165 0.8035501633533535 0.00634999394987581 0.017223861436318443