2 0.7890625 0.184375 0.421875 0.36875
1 0.9672677505891751 0.7515911909716959 0.061246572208706954 0.05347952400410509
1 0.8362041029503073 0.7203235311343839 0.05344316256778647 0.05499657220870695
1 0.7417864824388026 0.7013422478587007 0.06280907220870695 0.05348861436318479
1 0.665777452580965 0.8752160850945223 0.05188975292686635 0.05654998184962743
0 0.5902239824388026 0.7022240126894236 0.07859769867214013 0.0817045179539809
0 0.4203125 0.70546875 0.021875 0.0796875
3 0.8703125 0.92734375 0.134375 0.1453125
3 0.76796875 0.91796875 0.1296875 0.1640625
2 0.61171875 0.90234375 0.1546875 0.1953125
2 0.45703125 0.91015625 0.0953125 0.1796875