3 0.725 0.2828125 0.55 0.171875
3 0.3359375 0.83984375 0.228125 0.3203125
3 0.10859375 0.8421875 0.2171875 0.315625
1 0.6864881992759572 0.5706972776183423 0.006304544000636447 0.004723861436318444
1 0.7115791059436845 0.5627393318730685 0.0031795440006362695 0.004705680718159222
1 0.7207632019414573 0.5790910397185908 0.0031795440006364474 0.004705680718159399
1 0.7253688859405028 0.5860950186413519 0.0031795440006362695 0.004705680718159222
1 0.7592989906110935 0.5569933259211401 0.006322725334181811 0.006286361436318444
3 0.7583177459420936 0.5741853711006799 0.009611357336090798 0.020367042154477842
3 0.7098893366088663 0.5736859222321481 0.006413632001908987 0.014098861436318444
3 0.6816734299411391 0.5816620486955812 0.00793976933481808 0.010982951795397966
3 0.7105433172740482 0.5846188770526084 0.00793976933481808 0.010982951795397966