0 0.19849010137917347 0.4762310714114964 0.07990566861791067 0.03842724801081765
0 0.1428849959929792 0.45214813407063315 0.05174430718159222 0.031849984006999676
2 0.12929064948557958 0.5324532520687241 0.09117042154477702 0.09480451734563573
2 0.2138338211285525 0.5623412940801782 0.1257090480082102 0.12332950668363551
0 0.2085140202916719 0.3193270907463145 0.009402271077238922 0.004796588001272539
2 0.20778731244614965 0.3286930000795418 0.01726931323171659 0.014262494668999893
0 0.20319526121648562 0.3450447060789054 0.009402271077238922 0.004796588001272539
2 0.20638843890958275 0.3567998187459963 0.017278403590796288 0.015824994668999892
2 0.7222447221852659 0.23097202072722442 0.11755215612487895 0.332595418682363
1 0.07890625 0.83828125 0.1578125 0.1578125
0 0.98046875 0.87890625 0.0390625 0.0453125
0 0.8336856953524905 0.8686714680537703 0.040870439695149585 0.0426602146721816
0 0.8088038700205255 0.8886930667170432 0.02522725897699054 0.039353401336727246
0 0.7861021682251274 0.8806169373806341 0.03775453005422937 0.04418635200509087
0 0.49296875 0.8015625 0.0265625 0.05625
2 0.50546875 0.92578125 0.0515625 0.1484375
2 0.76015625 0.95 0.0515625 0.1
2 0.82421875 0.9453125 0.0609375 0.109375
2 0.96484375 0.9546875 0.0578125 0.090625
2 0.98984375 0.9453125 0.0203125 0.090625