1 0.19328482904439812 0.2453125 0.023592036104353474 0.0265625
3 0.1928984887835144 0.31171875 0.02846134328594587 0.0578125
1 0.85390625 0.034375 0.2921875 0.06875
3 0.734375 0.44296875 0.53125 0.1328125
1 0.4001938800776704 0.76484375 0.03289431323171641 0.0140625
0 0.8373120849963265 0.63046875 0.02208407825883114 0.0359375
0 0.9288955969983789 0.6 0.025236349336070062 0.040625
0 0.7783042027773568 0.8359375 0.02050339754067192 0.0328125
0 0.71103943472518 0.84921875 0.017378397540672098 0.0328125
2 0.7156814829297818 0.85703125 0.03938975292686635 0.05625
2 0.8411319765850701 0.6453125 0.03627384328594587 0.0578125
2 0.9217643530485032 0.6171875 0.05672269867214012 0.08125
2 0.9109375 0.5234375 0.046875 0.028125