0 0.30698825986075323 0.04160869955590289 0.040852258976990366 0.039298849336070064
0 0.268761552015231 0.032456413353353496 0.028315897540672097 0.032976126463433175
0 0.234375 0.01171875 0.040625 0.0234375
0 0.1328649586310892 0.026216024593280273 0.026744307181592396 0.031404536104353474
0 0.06783940144949688 0.05784327449508435 0.031395445745273955 0.02518180718159222
2 0.3290718172387373 0.1399143893492484 0.067996541958086 0.1394533854404237
2 0.2729536274453917 0.11758539227611475 0.0459488251355733 0.10963862041330899
2 0.22771385031802877 0.10534901268942357 0.06476245764913066 0.12068520472226432
2 0.14461954918656056 0.15426830172064337 0.030123837235821682 0.0751727168225127
2 0.11444169067710833 0.10444556372269584 0.05863972267624522 0.14252384328594586
2 0.061098522059197524 0.1422546359314029 0.04138859016268785 0.13148634933607006
2 0.6390625 0.603125 0.31875 0.36875