2 0.31953125 0.39135422855668694 0.0234375 0.029960220003181704
1 0.321875 0.3624207065563687 0.0125 0.011082950668363623
1 0.203125 0.5153649879058225 0.0140625 0.01266363200190881
1 0.13359375 0.4700803072485947 0.0140625 0.017351132001908808
2 0.13046875 0.5193354199156858 0.0359375 0.06448067067154498
2 0.20859375 0.5653013532384135 0.0421875 0.07392839600572713
2 0.33203125 0.59765625 0.0390625 0.0640625
0 0.3484375 0.5597678738860961 0.0140625 0.01578863200190881
3 0.67734375 0.5015625 0.4640625 0.25625
1 0.728125 0.08828125 0.240625 0.1765625
3 0.71953125 0.9578125 0.5609375 0.084375