0 0.2893241796380047 0.32322543920417035 0.010992042154477666 0.009438632513557366
2 0.2816798512809776 0.35208623740877226 0.01739657825883114 0.03603749394987581
0 0.5062253333269968 0.2752702491162372 0.007857951795397966 0.007857951795398143
3 0.5008793031745716 0.29633218285945856 0.012672716822512697 0.02976022287263689
0 0.5214054266129426 0.33316910752749357 0.014144313231716587 0.014144313231716587
2 0.5183758753832786 0.34955717680933435 0.011028403590796288 0.015688632513557364
0 0.5362355410743233 0.3309117159387499 0.009438632513557366 0.010992042154477844
2 0.5364037127172961 0.35981796593874993 0.017442030054229462 0.04384999394987581
0 0.5246849627172961 0.3597497882456528 0.01258181323171641 0.014135222872636887
2 0.5295360891807293 0.38790205932289173 0.01739657825883114 0.03603749394987581
2 0.5076929054375079 0.393243544295777 0.026807939695149587 0.04234203610435365
2 0.4897287006170477 0.3939202551663614 0.020567030054229284 0.043868174668035206
2 0.471019607232906 0.400842420857406 0.031504530054229284 0.0439318071815924
2 0.44208608615566714 0.39598674921443316 0.029923849336070063 0.040797716822512695
0 0.4458150741536146 0.36554072511213215 0.011019313231716588 0.014126132513557366
0 0.46928439041039327 0.3711458304983264 0.011010222872636888 0.012563632513557365
0 0.49579234825591556 0.3619253666026799 0.009438632513557366 0.010992042154477844
0 0.5122167789740748 0.36514581537301594 0.011010222872636888 0.012563632513557365
0 0.5163724929679171 0.27376683645025474 0.009429542154477843 0.009429542154477666
0 0.5461008995837754 0.2809708032727675 0.011001132513557365 0.011001132513557365
0 0.5554349929679171 0.2739940954272452 0.009438632513557366 0.010992042154477666
0 0.5549719055357037 0.32867705024770544 0.012572722872636888 0.012572722872636888
0 0.56484375 0.36171875 0.0078125 0.0140625
2 0.565625 0.3953125 0.00625 0.040625
2 0.55703125 0.39453125 0.0234375 0.0453125
2 0.5559076916400573 0.3552440954272452 0.018986349336070064 0.04073408430895533
2 0.5438935049699698 0.3043946677341481 0.012690897540672097 0.032885222872636885
2 0.5555849838927308 0.2997753454272452 0.014235216822512697 0.02976931323171659
2 0.5141650983541114 0.29719070091163535 0.01893180718159222 0.03135908430895533
3 0.9283896621750032 0.043544047026251545 0.02529089149054755 0.05014544574527387