1 0.68359375 0.0984375 0.2296875 0.196875
2 0.54765625 0.64765625 0.0421875 0.1578125
1 0.047014096713861475 0.52109375 0.06624316534054513 0.053125
1 0.025901618037861906 0.45234375 0.02843408267027252 0.0265625
1 0.0609375 0.44140625 0.0375 0.0234375
1 0.18019022338477036 0.55234375 0.09618520401018138 0.075
3 0.4238220447167249 0.5421875 0.09856586401972649 0.1453125
3 0.23068057204804324 0.52734375 0.08581132535009015 0.1234375
3 0.16898164540895105 0.73046875 0.12113175469445334 0.2046875
3 0.09149989337999784 0.5171875 0.06360906134627217 0.0953125
3 0.05068508406267895 0.63515625 0.07830790802036267 0.15
3 0.044352173376816184 0.49375 0.037827264003818015 0.028125
0 0.5391197807129069 0.5140625 0.05069089067472703 0.059375
1 0.784375 0.4921875 0.43125 0.125
3 0.784375 0.821875 0.43125 0.35625