0 0.28046875 0.4703125 0.0734375 0.040625
0 0.340625 0.4868151300922685 0.021875 0.02681703866963616
0 0.3640625 0.4792753500954502 0.0125 0.011082950668363623
2 0.35859375 0.5018679654280411 0.0171875 0.02988749466899989
0 0.38046875 0.48024750409767736 0.028125 0.02845226400381797
0 0.42421875 0.46747533143694986 0.0328125 0.03163180800445424
0 0.48359375 0.4916037221116767 0.0265625 0.02687158267027261
0 0.5265625 0.5053849587841764 0.0234375 0.025272720003181703
2 0.51015625 0.58671875 0.0578125 0.1015625
2 0.4734375 0.5766417934436313 0.0453125 0.10990225867281786
2 0.415625 0.5603440841024498 0.0703125 0.11956816000954511
2 0.37421875 0.5528310287634955 0.0578125 0.1022352093411815
2 0.33828125 0.5500691080919504 0.0453125 0.08646475867281786
2 0.2390625 0.49140625 0.04375 0.0828125
2 0.16796875 0.5043373427354968 0.046875 0.07710794000636341
2 0.1546875 0.4948078014003606 0.015625 0.05643181333545435
2 0.0828125 0.48772146005727013 0.0203125 0.0252363573360908
2 0.05546875 0.49140625 0.0703125 0.0828125
2 0.00546875 0.48125 0.0109375 0.0625
2 0.1046875 0.5426634987269063 0.103125 0.17151246801399936
2 0.203125 0.5227151727402694 0.0796875 0.11186474801081765
2 0.30546875 0.515625 0.0640625 0.13125
2 0.24609375 0.6450901594127691 0.121875 0.2576681440165448
0 0.19375 0.45932483473899666 0.0078125 0.017278406667727175