0 0.04546232940799655 0.2206114400879331 0.028434082670272608 0.026726126463433177
0 0.3196628980744512 0.21745358206946025 0.04107953333863605 0.039298849336070064
0 0.3586344914067238 0.20941382309246973 0.028506808004454244 0.032976126463433175
0 0.38125 0.17890625 0.015625 0.0421875
2 0.04140625 0.2953125 0.0515625 0.06875
2 0.29296875 0.2875 0.0671875 0.084375
2 0.35 0.28359375 0.046875 0.0921875
2 0.3765625 0.2765625 0.025 0.10625
0 0.8458601293761798 0.09097744048071661 0.1503647213558171 0.16648858411256368
0 0.5549265940483614 0.13329779244906534 0.13264996268299925 0.12107609016268786
3 0.234375 0.93515625 0.309375 0.1296875