1 0.64921875 0.465625 0.0171875 0.00625
3 0.2171875 0.8392933839115495 0.0296875 0.05347044533736352
1 0.22890625 0.7891570239099587 0.0140625 0.015788632001908987
0 0.8203125 0.6785013345799131 0.08125 0.05875792934436319
0 0.5734375 0.6430927352800934 0.0953125 0.06517156134627218
0 0.93515625 0.6841962565643229 0.0359375 0.025418170671545327
0 0.8703125 0.6841695319064589 0.0453125 0.027089758672817866
0 0.890625 0.670651924570368 0.028125 0.019077264003817974
2 0.5390625 0.7622427246180932 0.146875 0.1798340453532717
2 0.8125 0.8145297412476402 0.171875 0.19731244668999892
2 0.9203125 0.7242127292330046 0.0515625 0.06466248400699967
3 0.88984375 0.7136297652371407 0.025 0.036228401336727244
3 0.86796875 0.741228053906777 0.06875 0.07579997867599957