0 0.10625 0.217913166083828 0.009375 0.009429542154477843
2 0.11015625 0.23195294018612903 0.0109375 0.017251132513557366
0 0.47734375 0.26028545580241885 0.0109375 0.009438632513557366
2 0.48828125 0.2867843232888615 0.0203125 0.037618174668035034
0 0.26171875 0.24435242535540613 0.009375 0.007867042154477843
3 0.2703125 0.2630524283804682 0.0140625 0.02820681323171641
0 0.25546875 0.3014200367917246 0.0140625 0.015706813231716587
2 0.26015625 0.31779901571448566 0.0125 0.015697722872636887
0 0.240625 0.3022876452029809 0.0109375 0.011001132513557365
2 0.2453125 0.328822874125742 0.021875 0.04387726502711473
0 0.25546875 0.32720128679172455 0.0140625 0.015706813231716587
2 0.25546875 0.35454503679172455 0.021875 0.037627265027114734
2 0.2765625 0.3575473169441497 0.03125 0.0439318071815924
2 0.29375 0.355884822994274 0.0265625 0.04546703610435365
2 0.3125 0.3596819886853185 0.0359375 0.045521578258831144
2 0.340625 0.35092461222188537 0.0328125 0.04237839754067192
0 0.33203125 0.32284960919682326 0.0125 0.014135222872636887
0 0.3109375 0.33156607904439817 0.0125 0.014135222872636887
0 0.284375 0.32547061514875164 0.0109375 0.011001132513557365
0 0.26875 0.3310302687395478 0.0125 0.014135222872636887
0 0.2515625 0.24363026268942356 0.0109375 0.009438632513557366
0 0.2234375 0.2555126391528567 0.0125 0.011010222872636888
0 0.21484375 0.24931263612779464 0.0109375 0.011001132513557365
0 0.19296875 0.3025649011549093 0.0109375 0.012563632513557365
0 0.22265625 0.3023921843323965 0.0125 0.014135222872636887
0 0.2140625 0.3360359313073344 0.0125 0.015697722872636887
0 0.2046875 0.34468422346181204 0.0125 0.014135222872636887
0 0.15703125 0.3301177294137405 0.0140625 0.01414431323171641
0 0.12890625 0.3779376058771735 0.0109375 0.017251132513557366
2 0.1390625 0.4052222685431561 0.025 0.04233294574527378
2 0.16015625 0.36056829869558127 0.025 0.04545794574527377
2 0.19375 0.32521660597536944 0.01875 0.028234084308955333
2 0.21171875 0.36886206684595385 0.028125 0.04235112646343318
2 0.228125 0.3664228680756178 0.028125 0.047038626463433174
2 0.225 0.3281597987937771 0.0234375 0.040761355386194256
2 0.22890625 0.2773558228960781 0.0171875 0.03291249394987581
2 0.21796875 0.27429445540963543 0.0171875 0.029787493949875808
2 0.25703125 0.2662546964326449 0.021875 0.03293976502711473
3 0.7609375 0.7233904855620606 0.35 0.3864112404338343
3 0.92421875 0.6859375 0.1515625 0.3