0 0.71015625 0.19580143861499516 0.0078125 0.007857951795397966
2 0.71171875 0.21143552897407486 0.009375 0.017242042154477843
0 0.34609375 0.3405583849494443 0.0109375 0.009438632513557366
2 0.34140625 0.37099986387220535 0.01875 0.037609084308955334
0 0.559375 0.265236718963812 0.0078125 0.007857951795397966
3 0.55625 0.2863122882456528 0.0140625 0.02976931323171659
0 0.5828125 0.32240432435000627 0.0140625 0.01570681323171641
2 0.58125 0.33958273399092676 0.0125 0.01726022287263689
0 0.596875 0.31857988758172284 0.0109375 0.011001132513557365
2 0.6 0.3475043182998821 0.01875 0.045421584308955334
0 0.58828125 0.34821739060678497 0.0125 0.015697722872636887
2 0.596875 0.3763923875817229 0.0203125 0.037618174668035034
2 0.575 0.3848588725546082 0.0296875 0.0439227168225127
2 0.5578125 0.3878838786047324 0.0234375 0.047011355386194255
2 0.53984375 0.39715433947531686 0.034375 0.04707498789975162
2 0.50859375 0.3954100322937245 0.0328125 0.042378397540672096
0 0.509375 0.3641645774732643 0.0125 0.015697722872636887
0 0.53359375 0.3674304780389983 0.0125 0.014135222872636887
0 0.559375 0.354299218963812 0.0109375 0.011001132513557365
0 0.57578125 0.3559571677341481 0.0125 0.014135222872636887
0 0.5703125 0.26217535147736937 0.0109375 0.011001132513557365
0 0.6015625 0.2654821586589618 0.0125 0.011010222872636888
0 0.609375 0.25771511045435985 0.0109375 0.011001132513557365
0 0.6453125 0.3063616887131911 0.0109375 0.011001132513557365
0 0.615625 0.3132202218906783 0.0125 0.014135222872636887
0 0.6328125 0.3461327158405541 0.0125 0.015697722872636887
0 0.6453125 0.35245543871319107 0.0125 0.014135222872636887
0 0.68984375 0.3245895139469601 0.0140625 0.014144313231716587
0 0.73125 0.36545540846257 0.009375 0.017242042154477666
2 0.72890625 0.3966917729239506 0.0234375 0.04388635538619425
2 0.6953125 0.3558713302037388 0.0234375 0.045448855386194253
2 0.6515625 0.32905430014950954 0.0171875 0.02822499394987581
2 0.64453125 0.3797946435336512 0.0265625 0.04390453610435348
2 0.62734375 0.3804758995837754 0.0265625 0.048592036104353475
2 0.6203125 0.3405912429679171 0.0203125 0.04230567466803503
2 0.6015625 0.2897009086589618 0.0140625 0.03445681323171641
2 0.6125 0.28351454117251906 0.015625 0.03134090359079611
2 0.5703125 0.2863941014773694 0.0203125 0.03293067466803503
0 0.88828125 0.7799107346782977 0.0140625 0.011019313231716588
0 0.85703125 0.7758226774967054 0.0140625 0.01258181323171641