0 0.1934014410698918 0.3411228862259904 0.011019313231716588 0.014126132513557366
2 0.18157815194047622 0.3591598139190875 0.020439765027114733 0.021993174668035208
1 0.7421875 0.13125 0.20625 0.209375
3 0.19140625 0.7859375 0.3828125 0.428125
0 0.759375 0.3890625 0.028125 0.01875
0 0.8394154613615636 0.3968330516224475 0.023564765027114732 0.022011355386194253
0 0.9042501210024841 0.3980183017206433 0.01259999394987581 0.01726022287263689
0 0.8875 0.38828125 0.028125 0.0171875
0 0.8901148981298471 0.4106001149523599 0.047120439695149584 0.042460210772388506
0 0.9815393288480063 0.4069433289462022 0.026717036104353296 0.026717036104353477
2 0.99375 0.4875 0.0125 0.025
2 0.96875 0.48359375 0.0625 0.1015625
2 0.9108450337666625 0.472977395104785 0.02866133118569749 0.09235112646343317
2 0.8796586662802198 0.4622217022863774 0.06292724687674181 0.07380111436318479
2 0.8366853711006799 0.4632529371610669 0.04737496974937905 0.08621021077238851
2 0.8722956181738137 0.5192938589022357 0.08995335518980241 0.15364315046753826
2 0.9859375 0.54296875 0.028125 0.1703125
2 0.7398740036142373 0.45287903942400315 0.061537463699254856 0.1034795240041051