2 0.8755202339909267 0.20558890388291448 0.03159543364502539 0.05973862667090888
1 0.8642827521412993 0.15415367321773257 0.012554542154477844 0.009520450668363623
3 0.35664296896381203 0.7332081105983668 0.01418976502711473 0.022038632001908986
3 0.4683117219888741 0.7233143952498675 0.009465903590796288 0.01573408800127272
3 0.5386878545024315 0.7334337352403224 0.033148843285945875 0.05819430800445424
3 0.30041114968197125 0.7369876386060028 0.015761355386194255 0.02361931333545435
1 0.3557708153730159 0.7175922012651395 0.004732951795397966 0.007867044000636269
1 0.46747592983439645 0.7139484859166402 0.0031613614363184437 0.006286362667090728
1 0.5322378666026799 0.6991314605745043 0.01729658430895533 0.01894999466899989
1 0.29876683645025476 0.7229433199395482 0.007867042154477666 0.009465906667727352
3 0.98046875 0.69921875 0.0390625 0.1890625