1 0.08664304459036458 0.26171875 0.03292158430895533 0.01875
3 0.6953125 0.02890625 0.2125 0.0578125
3 0.64609375 0.25546875 0.1140625 0.1890625
0 0.640625 0.140625 0.103125 0.0625
1 0.86015625 0.0234375 0.0765625 0.046875
2 0.2865657765381878 0.5125 0.017369307181592398 0.03125
0 0.2879964663315334 0.48984375 0.006304542154477666 0.009375
1 0.6844094206610143 0.72890625 0.012581813231716588 0.0140625
1 0.6578196495837754 0.72421875 0.011010222872636888 0.0125
1 0.8893196344584648 0.7671875 0.01574317466803521 0.0203125
1 0.8760974717924824 0.77734375 0.01259999394987581 0.0171875
3 0.8717644957965875 0.83828125 0.028579517953980726 0.078125
3 0.8826747247193488 0.83359375 0.020721566158582762 0.0703125
3 0.8912002970262515 0.821875 0.022338608313060605 0.0796875
1 0.8839281525106417 0.78046875 0.009465903590796288 0.015625