1 0.22270780961747932 0.05859375 0.03292158430895533 0.01875
2 0.6440469993126289 0.02421875 0.011073855386194254 0.0234375
0 0.644732800542293 0.0078125 0.006286361436318444 0.00625
0 0.9745793818261863 0.03515625 0.007848861436318444 0.00625
0 0.9800844932625047 0.04140625 0.0063045421544778435 0.009375
2 0.9723083546988232 0.04765625 0.00789431323171641 0.0140625
2 0.9785992613146816 0.0546875 0.012618174668034854 0.0203125
1 0.3508737162333375 0.5953125 0.014171584308955331 0.01875
3 0.34405154449216874 0.63125 0.020521578258831143 0.0359375
2 0.7156276044042356 0.6984375 0.023601126463433174 0.028125
1 0.7217230682998821 0.671875 0.011001132513557365 0.0109375
1 0.7789775529781798 0.84453125 0.014135222872636887 0.0125
1 0.8554309686692244 0.82578125 0.01416249394987581 0.0171875
2 0.8424133390825335 0.87109375 0.03629202400410527 0.0609375
2 0.7589150378528694 0.8875 0.04102497579950306 0.06875
2 0.6377622005188519 0.87734375 0.03941702400410509 0.0609375
0 0.6359724415418614 0.83828125 0.014144313231716587 0.0140625