2 0.9390625 0.4125 0.121875 0.253125
3 0.16171875 0.77421875 0.3234375 0.4515625
0 0.98203125 0.67421875 0.0359375 0.0546875
0 0.91953125 0.6408594085607658 0.0484375 0.048719301131468204
0 0.8796875 0.5875026044042355 0.040625 0.04242384933607006
0 0.82734375 0.6348543273750684 0.0484375 0.048719301131468204
0 0.7953125 0.6120117250139362 0.040625 0.04554884933607006
0 0.76875 0.5735759389095827 0.0375 0.03928066861791084
0 0.74453125 0.6281225383438487 0.0453125 0.04713862041330898
0 0.6953125 0.5515625 0.040625 0.025
0 0.675 0.6113117673648057 0.0453125 0.048701120413308985
0 0.63359375 0.5899771228491958 0.04375 0.04556703005422928
0 0.5953125 0.55859375 0.040625 0.0390625
0 0.56875 0.5942873729473916 0.046875 0.050272710772388506
0 0.5359375 0.5578125 0.0125 0.0375
2 0.98984375 0.765625 0.0203125 0.090625
2 0.9421875 0.81953125 0.115625 0.2109375
2 0.89140625 0.7680395320973327 0.1328125 0.17889768052176755
2 0.86796875 0.6733719267111384 0.071875 0.07541815651766229
2 0.8015625 0.7729855864502548 0.134375 0.19296927088084717
2 0.71328125 0.7599719811622563 0.10625 0.166243144417414
2 0.77734375 0.6822196858845206 0.05625 0.07220225292686636
2 0.73984375 0.6484077672666098 0.075 0.06762383723582169
2 0.67890625 0.6371157432625048 0.09375 0.10210792154477702
2 0.64140625 0.7493975746445939 0.103125 0.17872496369925486
2 0.5921875 0.722548728333586 0.078125 0.1598295179539809
2 0.5890625 0.6365930476154267 0.034375 0.04238748789975162
2 0.56640625 0.72578125 0.0734375 0.1765625