0 0.8613252601553409 0.3078125 0.09902837334017534 0.1015625
0 0.925787735954844 0.2390625 0.08012383723582168 0.075
0 0.7556888593932151 0.20234375 0.04556703005422928 0.04375
0 0.659375 0.2484375 0.01875 0.08125
2 0.753340043332828 0.3375 0.0947499394987581 0.171875
2 0.84140625 0.43125 0.1734375 0.115625
2 0.925 0.3984375 0.10625 0.18125
3 0.26371095853289334 0.54765625 0.03310339149054773 0.05
3 0.0890625 0.51796875 0.040625 0.0578125
0 0.26640625 0.50234375 0.0234375 0.0265625
3 0.97734375 0.87421875 0.0453125 0.1890625