2 0.61640625 0.4921875 0.0734375 0.215625
2 0.7699163420591791 0.334375 0.043296561346272175 0.0953125
2 0.7367316720639516 0.36953125 0.07024086935072642 0.128125
2 0.8100055400620427 0.35546875 0.06073860001590825 0.1171875
2 0.8521203147278609 0.34921875 0.041715880012726816 0.09375
2 0.8846515514003606 0.3921875 0.07689085868872639 0.1625
2 0.9180902127227701 0.31171875 0.04634883601209019 0.0890625
2 0.9571987133990879 0.3828125 0.0716942813494537 0.11875
2 0.9808811140594973 0.33671875 0.030523841343090653 0.071875
0 0.9669180640515431 0.278125 0.019040901336727246 0.025
0 0.9457515887173613 0.271875 0.03481135200509087 0.0375
0 0.9346231847151341 0.25546875 0.01893181333545435 0.015625
0 0.9078788713796797 0.23984375 0.02374658267027243 0.0265625
0 0.8784095473822251 0.25859375 0.044277258672817864 0.0453125
0 0.8543998827179976 0.2765625 0.017423857336090975 0.0203125
0 0.7933351133831795 0.265625 0.03319430800445451 0.0328125
0 0.7354680693825432 0.2609375 0.015843176002545256 0.01875
0 0.7269561353834977 0.26796875 0.03470226400381797 0.028125
0 0.5921875 0.2734375 0.025 0.103125
3 0.19921875 0.6125 0.1453125 0.025
3 0.78984375 0.91953125 0.4203125 0.1609375