0 0.37994641740926927 0.1744589387332697 0.0426602146721816 0.04111589600572714
0 0.3392396014083148 0.1669549740610881 0.030087489337999783 0.034720445337363515
0 0.3014123374044967 0.13839362205599742 0.0426965773392725 0.04424089600572696
0 0.19786062340863292 0.1676533133752253 0.026944308004454333 0.03312158267027243
0 0.17713904340386039 0.13226070603913448 0.030087489337999783 0.034720445337363515
0 0.13346231608049627 0.2051800380330894 0.031540901336727066 0.025363626670908877
2 0.4115787727561777 0.2748134747374058 0.07198518268618095 0.14456816000954512
2 0.3511952560868597 0.2545822433959062 0.048202237348817435 0.1146079400063634
2 0.3042020774188143 0.24388055338954287 0.06706132535009016 0.12420111600890867
2 0.222053196093223 0.2999481927116343 0.03215906667727229 0.07848862667090888
2 0.1863151434197688 0.24953911270686185 0.06108404535327185 0.14756589067472703
2 0.13447138009226847 0.2918987880330894 0.043769276018453686 0.13642839600572695
2 0.01015625 0.2671875 0.0203125 0.146875
0 0.6913368087205429 0.1231589733847704 0.0786704400063634 0.047784066677272106
0 0.8190350947246792 0.15510950206872415 0.07298406134627208 0.09614884134309047
3 0.6640625 0.3625 0.128125 0.275
2 0.859375 0.35546875 0.15625 0.2890625
0 0.9318463667647683 0.9140310634149962 0.004723862667090728 0.0031795440006362695
2 0.669973622772086 0.9648828493793615 0.00793976933481808 0.011028406667727354
2 0.7334639581078587 0.9835879433879521 0.006395450668363623 0.01257272533418181
2 0.8068832767743132 0.9828799660645879 0.004796588001272539 0.00942954400063627