2 0.09140625 0.08367906664956211 0.0125 0.023510222872636887
0 0.09296875 0.0672637262904825 0.00625 0.006286361436318444
0 0.428125 0.09343884426790457 0.0078125 0.006295451795397966
0 0.43359375 0.09887577801112588 0.00625 0.009411361436318443
2 0.425 0.10595702498606378 0.009375 0.014117042154477843
2 0.43046875 0.1129564587292851 0.0125 0.02194772287263689
2 0.775 0.103125 0.45 0.20625
3 0.20859375 0.84921875 0.4171875 0.3015625
1 0.325 0.36640625 0.234375 0.1734375
1 0.8546875 0.37578125 0.225 0.1921875
1 0.66875 0.4046875 0.2375 0.25
3 0.746875 0.32734375 0.1 0.0953125
3 0.946875 0.36536838642238223 0.096875 0.15525110226293623
3 0.7296875 0.729131946334449 0.3515625 0.512982830792914