3 0.56796875 0.6946703467138615 0.15 0.23455790802036286
3 0.95234375 0.96796875 0.0953125 0.0640625
3 0.76484375 0.9546875 0.2703125 0.090625
3 0.796875 0.8832714120782692 0.053125 0.06936816534054521
3 0.65859375 0.87265625 0.1921875 0.2546875
0 0.63828125 0.6798635067234065 0.0359375 0.07073067067154533
0 0.65625 0.7355413420591791 0.046875 0.04429544000636341
0 0.690625 0.7117225813971789 0.0265625 0.04562158267027261
0 0.771875 0.632199260741542 0.1203125 0.08733746268299925
0 0.80625 0.7349430000795418 0.0859375 0.07131247334499946
0 0.8359375 0.7931009454169052 0.0515625 0.059974984006999674
0 0.9171875 0.7799838747612684 0.1265625 0.11553518801718106
0 0.9890625 0.8453125 0.021875 0.06875