3 0.6203125 0.3265625 0.321875 0.40625
1 0.24308331142581396 0.7203125 0.06962270401018138 0.075
1 0.353125 0.5765625 0.0875 0.059375
1 0.49765625 0.55625 0.1265625 0.053125
1 0.64921875 0.5671875 0.1421875 0.075
1 0.79375 0.56484375 0.1125 0.0703125
3 0.5135197967059073 0.7546875 0.23494081070972522 0.3171875
3 0.36953125 0.65 0.1203125 0.071875
3 0.32421875 0.85859375 0.0296875 0.2796875
3 0.6952152393777707 0.79296875 0.36978852538190693 0.3578125
3 0.8424345900302258 0.68828125 0.15832267202418074 0.178125