2 0.6067524314055304 0.3883962993829523 0.011073855386194254 0.023501132513557364
0 0.6068524253554062 0.3712087993829523 0.006295451795397966 0.007848861436318444
0 0.2537046994577071 0.37716947053494587 0.006286361436318444 0.006286361436318444
0 0.24664163320092838 0.3826791271508041 0.007867042154477666 0.009420451795397966
2 0.2559666362259905 0.3912183349963264 0.009456813231716588 0.014117042154477843
2 0.24811322961013219 0.39829503679172457 0.012627265027114731 0.02194772287263689
2 0.0078125 0.91875 0.015625 0.06875
3 0.6953125 0.99140625 0.025 0.0171875
2 0.6813484313073344 0.7427979739527915 0.017423849336070062 0.04072499394987581
0 0.6697524011549093 0.7217724016458886 0.009438632513557366 0.010992042154477666
3 0.8796875 0.8609375 0.240625 0.278125