0 0.2562660971947707 0.40603391490547763 0.051853391490547726 0.05029998184962743
0 0.29620984114464655 0.38907821906200796 0.03774543969514958 0.04240566861791084
0 0.32768710012163693 0.35019752624360034 0.05187157220870695 0.05342498184962743
0 0.4425035790443982 0.3555531676359521 0.03460225897699054 0.03926248789975162
0 0.454463223560008 0.3142150953290493 0.03773634933607006 0.040843168617910666
2 0.30625 0.43359375 0.071875 0.0328125
2 0.35234375 0.41953125 0.0921875 0.0609375
2 0.4546875 0.40234375 0.05 0.0953125
1 0.734375 0.08203125 0.509375 0.1640625
3 0.73984375 0.39765625 0.5203125 0.1046875
2 0.43885185909862745 0.5076736829576545 0.03783634328594587 0.05803066861791066