0 0.9128151800307881 0.14457232459423058 0.06592498184962743 0.052326116008908664
3 0.889977643730043 0.2479700445974123 0.09601245764913066 0.12142156134627217
3 0.6375 0.09453125 0.115625 0.1890625
0 0.36783395725634715 0.6523035559357303 0.20378859621281223 0.1164260733609078
0 0.11640625 0.5125 0.2328125 0.0875
3 0.32265625 0.90390625 0.2390625 0.1921875
3 0.128125 0.84921875 0.25625 0.3015625
1 0.6596805687908615 0.691496061982819 0.006277271077238744 0.0047602253341818114
1 0.6776493187908614 0.6912869766470464 0.006295451795398144 0.007885225334181812
1 0.8605436320225781 0.7032222606222293 0.011073855386194254 0.023564769334818082
1 0.8693600958200285 0.7414035132877294 0.01730567466803521 0.020512494668999893
3 0.6590220386384363 0.7125989026495917 0.012672716822512697 0.029832950668363622
3 0.6762049934588965 0.7116176579805918 0.012654536104353475 0.026707950668363623
3 0.8711089481811609 0.7734165819541838 0.023664758976990184 0.0393352200031817
3 0.892647604895215 0.7153495432845477 0.042532933645025396 0.05986589600572696