1 0.26738905054229295 0.0645135145361353 0.01259090359079611 0.015697722872636887
2 0.28935040895354935 0.07948452956325003 0.028343168617910842 0.03766362646343317
3 0.48046875 0.47734375 0.0828125 0.1046875
0 0.5910386113381226 0.0739663034691592 0.19457722267624522 0.1433147045258726
0 0.931109620315113 0.11500595656897605 0.10382495764913066 0.12091246369925476
0 0.8700948522629364 0.10137018256487096 0.059893150467538445 0.08940793364502549
3 0.8696913730455875 0.30057984220579137 0.19289654800821018 0.12299311416679296
3 0.8006777526322786 0.2548673664062882 0.11003859621281223 0.1146988251355733
0 0.5234375 0.49921875 0.028125 0.0609375
0 0.578125 0.51328125 0.021875 0.0328125
0 0.6368430324901162 0.4273458335233885 0.10978406615858276 0.0709488251355733
0 0.69140625 0.5078125 0.0765625 0.04375
0 0.803125 0.50625 0.1125 0.046875