2 0.27095355860123027 0.74140625 0.014353401336727245 0.025
0 0.2773217372692757 0.73125 0.006359088001272539 0.009375
0 0.1493496365770496 0.91953125 0.012663632001908986 0.0140625
2 0.14130986990773148 0.9390625 0.022165901336727068 0.025
0 0.3846257072724574 0.7078125 0.006340906667727175 0.0078125
0 0.3744967292727755 0.70546875 0.006322725334181811 0.00625
0 0.3924563886060028 0.70625 0.007885225334181812 0.00625
0 0.4078813939370029 0.7234375 0.007903406667727176 0.0078125
2 0.40619162460218483 0.734375 0.014207950668363622 0.0125
2 0.3922654846037756 0.72265625 0.012736357336090798 0.0203125
2 0.38373536927118473 0.7171875 0.004796588001272539 0.009375
2 0.37360639127150286 0.71484375 0.00950226933481808 0.0109375