0 0.01484375 0.3421875 0.0109375 0.009375
2 0.00703125 0.37109375 0.0140625 0.0390625
0 0.24375 0.2984375 0.0078125 0.0078125
3 0.23828125 0.31953125 0.0125 0.03125
0 0.25859375 0.36015625 0.0140625 0.015625
2 0.2546875 0.37734375 0.0125 0.015625
0 0.27421875 0.3578125 0.0109375 0.0109375
2 0.27265625 0.38828125 0.01875 0.046875
0 0.2609375 0.3875 0.0140625 0.015625
2 0.2640625 0.4171875 0.01875 0.0390625
2 0.240625 0.421875 0.0296875 0.0453125
2 0.22265625 0.4234375 0.0234375 0.046875
2 0.203125 0.4296875 0.034375 0.046875
2 0.171875 0.4234375 0.0328125 0.0421875
0 0.17734375 0.39140625 0.0125 0.015625
0 0.2015625 0.3984375 0.0125 0.0140625
0 0.2296875 0.3890625 0.009375 0.0109375
0 0.246875 0.39296875 0.0125 0.0125
0 0.25546875 0.296875 0.0109375 0.009375
0 0.28671875 0.30546875 0.0125 0.0125
0 0.296875 0.2984375 0.0109375 0.0125
0 0.325 0.353125 0.0109375 0.0125
0 0.29296875 0.35625 0.0125 0.0140625
0 0.30625 0.3921875 0.0125 0.015625
0 0.31796875 0.4 0.0125 0.0140625
0 0.36484375 0.378125 0.0078125 0.015625
2 0.36171875 0.4109375 0.0140625 0.046875
2 0.32734375 0.37734375 0.01875 0.0296875
2 0.3125 0.428125 0.0265625 0.04375
2 0.2953125 0.42578125 0.0265625 0.0484375
2 0.29375 0.384375 0.0203125 0.04375
2 0.28359375 0.33046875 0.015625 0.0359375
2 0.2953125 0.32578125 0.015625 0.03125
2 0.2515625 0.321875 0.0203125 0.0328125
0 0.8171875 0.5234375 0.08125 0.046875
3 0.80546875 0.65859375 0.1828125 0.23125