1 0.8511955892743664 0.171875 0.09647610534690827 0.1
1 0.6787825979074134 0.41953125 0.10268974267981754 0.096875
1 0.73984375 0.49296875 0.1171875 0.0515625
1 0.45020580128104787 0.12265625 0.10561474801081765 0.0796875
1 0.6959546532861386 0.08515625 0.08677384134309048 0.071875
3 0.49296875 0.03046875 0.1890625 0.0609375
3 0.93046875 0.2609375 0.1390625 0.378125
3 0.8472444332829567 0.10859375 0.11560791335136286 0.1328125
3 0.83203125 0.40703125 0.2171875 0.2234375
3 0.42578125 0.3875 0.1796875 0.2625
3 0.1546875 0.8125 0.309375 0.375
0 0.7828125 0.9109375 0.165625 0.178125