0 0.86953125 0.0421875 0.1515625 0.084375
2 0.85703125 0.34765625 0.2859375 0.4828125
3 0.11449078863843631 0.8759160427436529 0.015806807181592396 0.03134090359079629
3 0.20901294827935663 0.8738035760193361 0.014253397540672097 0.032894313231716765
1 0.2055652405320302 0.8183530067374953 0.025154536104353652 0.026707945745273777
1 0.11434988807270222 0.8516972927436528 0.01573408430895542 0.018840903590796286
1 0.15585158684303818 0.867862648228043 0.08797269867214012 0.08175906010845857
1 0.2195737192583996 0.9432757386853184 0.1036613311856975 0.09278746369925486
1 0.36577603268650793 0.8267962449318343 0.03144089754067192 0.032994307181592575
1 0.36873792710392195 0.9330326093932151 0.09266928903121982 0.0833488311856975
1 0.4422021773003137 0.8029133173369332 0.028279536104353475 0.026726126463433177
1 0.4890625 0.7140625 0.040625 0.153125
3 0.4295981590517452 0.91939683538911 0.036328385440423536 0.06739657825883114
2 0.8497793697259379 0.7412849500468821 0.022156801131468028 0.04856476502711473
2 0.9844407160369458 0.7897219291660351 0.025236349336070062 0.040770445745273776
0 0.9953125 0.76328125 0.009375 0.0171875
0 0.8613117673648057 0.7091855223537851 0.009447722872636889 0.012554542154477665