2 0.3488944796101322 0.3880197131100796 0.014198855386194253 0.023519313231716587
0 0.3458285669441497 0.3778452823919204 0.006304542154477666 0.009411361436318443
0 0.4157723865205781 0.5759151437300429 0.012581813231716588 0.014135222872636887
2 0.417997961852543 0.5962412792686623 0.023582945745273955 0.025136355386194253
0 0.25469048253699844 0.33121974638576274 0.006295451795398144 0.007848861436318444
0 0.2640609373574586 0.3320555385402404 0.006286361436318444 0.006286361436318444
0 0.24767286807561786 0.32883508976990444 0.007857951795398055 0.007857951795398143
0 0.22963594038252072 0.3404493006404888 0.007867042154477666 0.009420451795397966
2 0.22879560304850322 0.350601005460949 0.014135222872636976 0.012581813231716588
2 0.24446605484390133 0.3428794090517452 0.01418067466803503 0.020394313231716588
2 0.2530734403825207 0.340585656026683 0.004742042154477666 0.009402271077238922
2 0.2624484403825207 0.34064019818116076 0.009438632513557366 0.010992042154477666
0 0.8694286516458887 0.9556066680287356 0.029887487899751618 0.034547716822512696
3 0.86875 0.9875 0.059375 0.025
3 0.609375 0.8984375 0.23125 0.178125
3 0.76640625 0.8828125 0.1171875 0.146875