2 0.5309393651487516 0.3640625 0.03144998789975162 0.034375
1 0.525652422330344 0.3328125 0.01572499394987581 0.0171875
1 0.2199836844305924 0.625 0.011001132513557365 0.0109375
1 0.26777174463724684 0.60234375 0.014144313231716587 0.0140625
1 0.2825564073032293 0.6125 0.009429542154477666 0.009375
3 0.2260155158126816 0.6625 0.02521816861791084 0.0375
3 0.26834846155795544 0.6375 0.01894998789975162 0.034375
3 0.29096380494209717 0.64453125 0.02520907825883114 0.0359375
3 0.24251721458301762 0.64609375 0.026807939695149587 0.0421875
3 0.22829108811958446 0.67421875 0.044413596212812226 0.1140625
2 0.16640625 0.7734375 0.3328125 0.453125
1 0.819334765518094 0.61328125 0.03293976502711473 0.021875
3 0.8323342143866258 0.66171875 0.06282725292686635 0.05625