3 0.94609375 0.08828125 0.1078125 0.1765625
3 0.365625 0.76328125 0.628125 0.4734375
0 0.69453125 0.48125 0.0296875 0.025
0 0.775 0.4872758663080923 0.0359375 0.03614657825883114
0 0.859375 0.49636049569839163 0.0375 0.03459316861791084
0 0.73515625 0.5151690621515621 0.0359375 0.03927157825883114
0 0.79921875 0.5381980168738264 0.0375 0.03459316861791084
0 0.87578125 0.5402059444687277 0.04375 0.040879530054229285
2 0.6984375 0.578125 0.0375 0.115625
2 0.76640625 0.5630071193331544 0.0296875 0.0298602168225127
2 0.8375 0.579826980671277 0.05 0.07060339149054791
2 0.859375 0.6596417456983916 0.09375 0.153670421544777
2 0.7890625 0.6436076795398089 0.084375 0.14267837939029934