0 0.0515625 0.0171875 0.05625 0.034375
0 0.11015625 0.0125 0.0421875 0.025
0 0.1658578459182245 0.02734375 0.04714771077238851 0.046875
0 0.2421875 0.0140625 0.040625 0.028125
0 0.334375 0.01953125 0.040625 0.0390625
0 0.36875 0.01171875 0.034375 0.0234375
0 0.41587148145684394 0.0296875 0.03773634933607006 0.040625
0 0.48617034591822444 0.02734375 0.03773634933607006 0.040625
0 0.52109375 0.01640625 0.0171875 0.0328125
2 0.0578125 0.175 0.115625 0.209375
2 0.11946463494944423 0.11015625 0.0692045179539809 0.078125
2 0.17140438485124837 0.175 0.11360902380771343 0.190625
2 0.24696292105379775 0.13671875 0.10405221662612103 0.159375
2 0.2870834061248789 0.05 0.06131020472226432 0.0640625
2 0.33381802643999203 0.16015625 0.10414312021691714 0.175
2 0.422122002337691 0.1640625 0.0790158551898024 0.153125
2 0.3747379422292324 0.0765625 0.044122704722264317 0.0640625
2 0.41677545130441873 0.05078125 0.06594316256778647 0.0546875
2 0.4784942013044188 0.05078125 0.07863406010845857 0.0875
2 0.49375 0.1671875 0.071875 0.165625