2 0.0140625 0.1859375 0.028125 0.103125
2 0.04170414832623894 0.215625 0.08198631908544911 0.1265625
2 0.1339189194034777 0.2109375 0.05850336729005079 0.11875
2 0.17747347668326602 0.24453125 0.086746541958086 0.1390625
2 0.2338780127876195 0.21796875 0.0646988251355733 0.109375
0 0.25308707592114016 0.1390625 0.03144998789975162 0.034375
0 0.18048082289607806 0.13046875 0.042451120413308986 0.0453125
0 0.14933990720503348 0.11171875 0.03303066861791084 0.0375
0 0.04544729274365285 0.109375 0.03144998789975162 0.034375
0 0.0290955848981306 0.1 0.026744307181592396 0.03125
1 0.940625 0.2890625 0.11875 0.134375
1 0.04609375 0.4296875 0.0921875 0.040625
1 0.01015625 0.45 0.0203125 0.08125
3 0.32265625 0.6 0.2140625 0.30625
3 0.20003584055547136 0.4640625 0.1300511143631847 0.0625
3 0.05859375 0.6453125 0.1171875 0.278125
3 0.3734375 0.67890625 0.1125 0.3359375
0 0.5369792451282261 0.9015625 0.03466589149054773 0.05
2 0.506515040307766 0.90078125 0.09121587334017515 0.1015625