1 0.28671875 0.05 0.4859375 0.1
3 0.26484375 0.50546875 0.5296875 0.1890625
0 0.8765625 0.07761920671545228 0.021875 0.03775453866963616
0 0.94375 0.2221510040579064 0.0203125 0.033048857336090795
0 0.8609375 0.19384364337999785 0.021875 0.03775453866963616
0 0.99375 0.41015625 0.0125 0.0296875
2 0.940625 0.2353958913908155 0.0328125 0.053506808004454245
2 0.8671875 0.20876011871417965 0.0515625 0.07559998400699967
2 0.8765625 0.10105670671545228 0.0421875 0.07080339600572697
2 0.78515625 0.04140625 0.0671875 0.0828125
1 0.80546875 0.86328125 0.3890625 0.1578125