3 0.25 0.32421875 0.5 0.1515625
3 0.8328125 0.16796875 0.303125 0.3359375
0 0.7530365580653552 0.6709526780712695 0.04556703005422928 0.044277258672817864
0 0.7937206453993726 0.6612691427434509 0.03145907825883114 0.03630112667090888
0 0.8314160881195845 0.6281117447485417 0.04558521077238851 0.04740225867281787
0 0.94144052791293 0.6520497787634956 0.02832498789975162 0.03470226400381797
0 0.9596319917103806 0.6139776140992682 0.03145907825883114 0.03630112667090888
2 0.7297576184684014 0.7777202987348606 0.07589085518980258 0.15399770401018137
2 0.790063859393215 0.7526390300763601 0.052262457649130664 0.12091248400699976
2 0.8385831726249316 0.739140151416269 0.07263859016268803 0.13208634134309039
2 0.9296894407753042 0.7917662594286774 0.03328519867214012 0.08163180800445424
2 0.9620433985226307 0.7366702267663591 0.06652494554888193 0.15545111600890885