0 0.5551021530998168 0.04353831733693316 0.040852258976990366 0.039298849336070064
0 0.50546875 0.009375 0.0328125 0.01875
0 0.46533112597245385 0.05656101298401119 0.040861349336070066 0.040861349336070066
0 0.4300794272021179 0.040359296063302616 0.03460225897699054 0.03926248789975162
0 0.396875 0.0125 0.03125 0.025
0 0.3849169181269316 0.06640416647661151 0.037727258976990544 0.03928066861791084
0 0.321875 0.00625 0.034375 0.0125
0 0.31615328258831205 0.06446039227611466 0.03773634933607006 0.04084316861791084
0 0.2707635145361353 0.051442762689423605 0.03615566861791084 0.03770907825883123
0 0.22843511397040128 0.027469452384573278 0.03458407825883114 0.036137487899751616
0 0.20992600848601112 0.0689847866935287 0.03774543969514967 0.04240566861791084
0 0.15585613202257803 0.0411734040817755 0.03928066861791084 0.03772725897699045
0 0.11369590309981685 0.04610634377692517 0.0440136204133089 0.04556703005422928
0 0.04643568022717992 0.033997229217348754 0.04402271077238851 0.047129530054229284
0 0.01015625 0.06015625 0.0203125 0.0515625
2 0.58515625 0.20625 0.0296875 0.1875
2 0.54921875 0.1703125 0.1015625 0.15625
2 0.5115930476154267 0.08519909739116249 0.0597386143631848 0.0628454336450254
2 0.46769357757146013 0.19405192262493162 0.10099993949875792 0.17245678298109546
2 0.3802163034691592 0.1984672327333902 0.07743517447164336 0.1504454275949012
2 0.4265867885402404 0.1114757719610016 0.0441136143631848 0.06275453005422929
2 0.38425384279496655 0.08672121165615128 0.06437157220870696 0.05349770472226432
2 0.3241021379745064 0.08785244048071661 0.07707156010845857 0.0879454275949012
2 0.30914527936685826 0.2027870940715127 0.07282039734428025 0.16291815651766228
2 0.25670608059652233 0.1866853711006799 0.05087267447164336 0.15029089149054792
2 0.23826008674484234 0.10475866023009557 0.028343168617910842 0.03766362646343317
2 0.21225209864869896 0.20022569633444914 0.08686471662612102 0.15987496974937904
2 0.15482087284919582 0.13180749444085516 0.050463608313060425 0.07997839149054772
2 0.11292880951928339 0.18283418413600483 0.11656130698520055 0.16161018657189175
2 0.05426233664664646 0.17067507260149045 0.08062380698520064 0.16140110831306043
2 0.02734375 0.21796875 0.0546875 0.2140625
3 0.8 0.41796875 0.4 0.3421875
0 0.4159032977136226 0.7029678594914108 0.03152271077238851 0.0470568071815924
0 0.24300615319801278 0.6625660941697087 0.05667724687674216 0.07376475292686635
2 0.4346810896717086 0.8419258203619953 0.06967721662612103 0.15977497579950323
2 0.25 0.8734375 0.109375 0.253125