0 0.2296875 0.165625 0.440625 0.225
3 0.225 0.4703125 0.45 0.159375
1 0.13359375 0.7421875 0.2671875 0.1125
0 0.6245972739497295 0.6333603832009284 0.01894999466899989 0.01729658430895551
2 0.8797922092616396 0.7896775191323313 0.03508407200827222 0.06113748789975162
2 0.9563808865770496 0.9212542511783504 0.03175907733927232 0.04393180718159258
2 0.9859375 0.94609375 0.028125 0.0640625
2 0.9578125 0.97734375 0.040625 0.0453125
0 0.99609375 0.89765625 0.0078125 0.0203125
0 0.9630854199156857 0.8821553897420319 0.020603401336727244 0.02511817466803521
0 0.8881683306015484 0.7411945673369331 0.01900453866963616 0.02198408430895533