1 0.25703125 0.24453125 0.5140625 0.2140625
3 0.35 0.6703125 0.7 0.159375
0 0.63671875 0.9486774745783222 0.059375 0.06944089067472703
3 0.5390625 0.8716888079249125 0.015625 0.03455681333545435
0 0.5390625 0.8443450579249125 0.0125 0.014207950668363622
3 0.840625 0.7753036092457313 0.01875 0.03459317600254543
3 0.88671875 0.7625 0.0140625 0.025
3 0.90546875 0.7714240839035954 0.0203125 0.03304885733609062
3 0.86015625 0.76484375 0.0203125 0.0296875
3 0.83828125 0.7953125 0.0265625 0.090625
2 0.78125 0.875 0.1625 0.25