1 0.23470523546386465 0.25355499805058856 0.46042948165323566 0.18659531206236082
1 0.99296875 0.08515625 0.0140625 0.0546875
1 0.9361909882925351 0.12825883744426764 0.08162270472226432 0.0650079293443632
1 0.8362228045493136 0.12162648209735916 0.081604524004105 0.061882929344363104
1 0.79375 0.34140625 0.06875 0.0953125
3 0.84765625 0.05625 0.1453125 0.1125
3 0.975 0.2515625 0.05 0.15
3 0.97734375 0.4265625 0.0453125 0.20625
3 0.89609375 0.3890625 0.2078125 0.28125
3 0.7953125 0.28203125 0.071875 0.1265625
1 0.45234375 0.64765625 0.3703125 0.2359375