0 0.17265625 0.01015625 0.0421875 0.0203125
2 0.39921875 0.1 0.0390625 0.178125
2 0.3518822252103281 0.11262063632418631 0.08996244554888229 0.15520565046753826
2 0.38984375 0.02734375 0.0484375 0.0546875
2 0.3453125 0.01484375 0.06875 0.0296875
2 0.28671875 0.0265625 0.0828125 0.053125
2 0.2824100625443455 0.12318140730322931 0.08534766842151917 0.16767837939029934
2 0.22921688485124836 0.11177172951193634 0.061819264830722885 0.1519170240041051
2 0.2037532765381879 0.03222967525721021 0.029914758976990453 0.0392352168225127
2 0.18556687880112416 0.12921375956616563 0.09939198770335995 0.16463519262201592
2 0.12347542407885985 0.06551032874981058 0.05673178903121974 0.08313975292686634
2 0.08629358664664646 0.12041599736772132 0.12910675878059868 0.16949540944452862
2 0.0375 0.11171875 0.075 0.1671875
2 0.0203125 0.16640625 0.040625 0.2234375
3 0.03671875 0.8515625 0.0734375 0.296875
1 0.6640625 0.61328125 0.490625 0.2328125
3 0.709375 0.9171875 0.58125 0.165625