3 0.28984375 0.3703125 0.5796875 0.4375
1 0.64375 0.41413626463433123 0.00625 0.004723861436318444
1 0.66640625 0.3994243248409856 0.003125 0.004705680718159222
1 0.6796875 0.41356409289316237 0.003125 0.004705680718159399
1 0.6859375 0.4190692043294809 0.003125 0.004705680718159222
1 0.7109375 0.38249590007475476 0.00625 0.006286361436318444
3 0.7140625 0.398920330792914 0.0109375 0.020376132513557365
3 0.6671875 0.41036637002052545 0.00625 0.014098861436318444
3 0.6421875 0.4250646742752515 0.0078125 0.010982951795397966
3 0.67109375 0.42132659591822447 0.0078125 0.010982951795397966
3 0.37578125 0.86171875 0.4078125 0.2765625
3 0.78984375 0.9203125 0.4203125 0.159375