0 0.00625 0.1390625 0.0125 0.021875
0 0.01690271633153344 0.13876550068737106 0.020430674668035033 0.020430674668035033
0 0.04886578863843631 0.12686039832623885 0.036137487899751616 0.03458407825883114
0 0.08773284591822446 0.09303938934924845 0.026717036104353654 0.026717036104353477
0 0.1250464935570923 0.06078997073133761 0.04402271077238851 0.047129530054229284
0 0.12226238202257803 0.11940190144949688 0.07703519867214012 0.0816954275949012
0 0.191107830792914 0.1354081756499937 0.023592036104353474 0.026698855386194254
0 0.21211522238165764 0.12044170580241884 0.012563632513557365 0.011010222872636888
2 0.2130419181269315 0.14543716062287904 0.017369307181592398 0.03134999394987581
0 0.2277220416634984 0.11722580221162264 0.028288626463433175 0.028288626463433175
0 0.2674158007386847 0.09121274805509243 0.03456589754067192 0.03301248789975162
0 0.33229591217500315 0.09708549815328826 0.026717036104353477 0.026717036104353477
0 0.3791800025340827 0.09837528738089976 0.023592036104353297 0.026698855386194254
0 0.4322322796614458 0.08556621517219272 0.040815897540672094 0.033048849336070066
0 0.4705362555591449 0.08924975137474211 0.04400453005422946 0.04400453005422929
2 0.484375 0.22421875 0.090625 0.1640625
2 0.44289758976990434 0.17300712783817523 0.07727154800820983 0.12232042759490129
2 0.3913805415653025 0.18111960968780258 0.07247496369925485 0.10354315651766237
2 0.34686292710392197 0.18372243492157173 0.04595791549465282 0.1112011204133089
2 0.2859345174630016 0.18563945892567676 0.0725749576491305 0.12073065651766246
2 0.24377428854024039 0.19057239862082653 0.059974963699254855 0.1034704336450254
2 0.20709644515609868 0.19781727205919744 0.04583065046753827 0.08932612041330898
2 0.09287486387220537 0.17113711827200956 0.045812469749379046 0.08620112041330899
2 0.02821746623333752 0.20354561817381372 0.0473295179539809 0.07839771077238851
2 0.011783945156098685 0.19895356694414978 0.015961343285945874 0.057903403590796286
2 0.01484375 0.26015625 0.0296875 0.1734375
2 0.06655325838781527 0.21269790437636313 0.08191359621281205 0.11453519867214013
2 0.16397770423128505 0.17228600693388696 0.06644313231716552 0.141006795081344
2 0.14451969798476902 0.319279181601922 0.12652718032537572 0.2632272287263694
0 0.03963623438371018 0.1519149404807166 0.00791249394987581 0.017232951795398143
3 0.6546875 0.3421875 0.25 0.415625
3 0.76484375 0.79140625 0.4703125 0.4171875