0 0.58359375 0.3203125 0.0109375 0.021875
0 0.52578125 0.31015625 0.0125 0.0171875
0 0.54375 0.296875 0.028125 0.03125
0 0.5359375 0.325 0.046875 0.0421875
0 0.44765625 0.3046875 0.025 0.0265625
0 0.39375 0.3078125 0.05 0.04375
0 0.34609375 0.3125 0.0171875 0.0203125
0 0.3328125 0.31171875 0.01875 0.0203125
0 0.3015625 0.30234375 0.034375 0.0328125
0 0.26015625 0.27109375 0.0265625 0.025
0 0.221875 0.24140625 0.0421875 0.0453125
0 0.22734375 0.2984375 0.071875 0.0765625
0 0.16015625 0.31875 0.021875 0.025
0 0.1390625 0.30625 0.0125 0.0109375
2 0.13984375 0.3296875 0.015625 0.0296875
0 0.1234375 0.30234375 0.0265625 0.0265625
0 0.0828125 0.27890625 0.03125 0.0296875
0 0.01875 0.28828125 0.025 0.0265625
2 0.0140625 0.37421875 0.028125 0.1078125
2 0.0703125 0.3734375 0.065625 0.1171875
2 0.11328125 0.37578125 0.053125 0.1015625
2 0.1484375 0.38125 0.0421875 0.0859375
2 0.259375 0.34765625 0.040625 0.084375
2 0.32578125 0.37734375 0.04375 0.0765625
2 0.34140625 0.371875 0.0125 0.05625
2 0.41328125 0.38203125 0.01875 0.025
2 0.44140625 0.3828125 0.0671875 0.0984375
2 0.50390625 0.38203125 0.0265625 0.0921875
2 0.5375 0.37734375 0.0609375 0.071875
2 0.57265625 0.38671875 0.0328125 0.0859375
2 0.53203125 0.43515625 0.0875 0.153125
2 0.38046875 0.43046875 0.0953125 0.16875
2 0.2875 0.3875 0.0765625 0.109375
2 0.18984375 0.353125 0.0578125 0.1375
2 0.21796875 0.496875 0.1109375 0.25625
0 0.3109375 0.32578125 0.00625 0.0171875
2 0.5015625 0.66875 0.175 0.0375