0 0.01171875 0.26015625 0.0234375 0.0390625
0 0.09416971916020378 0.40243167105379773 0.02363748789975162 0.03451135538619425
0 0.009375 0.38125 0.01875 0.040625
0 0.1671875 0.58671875 0.021875 0.0265625
0 0.23046875 0.590625 0.0203125 0.01875
2 0.22578125 0.58828125 0.0421875 0.0234375
2 0.09190778239192036 0.4164805355151783 0.03783634328594587 0.05803066861791084
2 0.021875 0.3953125 0.04375 0.08125
2 0.01953125 0.28515625 0.0390625 0.0765625
1 0.8352583274732643 0.16651339353365122 0.08166815651766254 0.07234769867214012
3 0.8407326644144983 0.43606736943135027 0.14559534289316253 0.3180238130353249
0 0.12227653844204456 0.662696484481906 0.025263620413308895 0.04545794574527377
3 0.12323959562363687 0.6939510296614458 0.03779998184962743 0.05178066861791084