0 0.43515625 0.0171875 0.0296875 0.034375
2 0.046875 0.09296875 0.09375 0.1609375
2 0.01953125 0.0171875 0.0390625 0.034375
2 0.05703125 0.00625 0.0734375 0.0125
2 0.1171875 0.01875 0.090625 0.0375
2 0.11580243459582143 0.10749225390882486 0.09731244668999892 0.17242951190385672
2 0.17138027259709415 0.09779454616149845 0.07213063335454457 0.15665906615858277
2 0.20078125 0.01953125 0.0328125 0.0390625
2 0.21412175592777602 0.11707581128680893 0.10981244668999893 0.1725022347764938
2 0.28123707793604835 0.05575197102592524 0.061955654678545004 0.0878545240041051
2 0.31573879992841236 0.11179743794663377 0.1395544906906352 0.1773624515990065
2 0.3759314125955033 0.10832245912206862 0.10514312802354446 0.17403746369925485
2 0.4015625 0.1640625 0.096875 0.23125
1 0.87734375 0.22265625 0.2453125 0.1703125
3 0.225 0.80390625 0.45 0.3921875
0 0.94609375 0.6671875 0.1078125 0.175
2 0.86171875 0.8734375 0.2765625 0.253125