2 0.5376333728491958 0.11962357348525324 0.045903373340175156 0.10182612041330899
2 0.5730168818261863 0.15848154040596185 0.0773533612399266 0.1363829275949012
2 0.49479188787631045 0.14174855835994277 0.06634313836728971 0.12381929508134384
2 0.4494339360809123 0.13419967877325165 0.045894282981095456 0.1002636204133088
2 0.4153271016737611 0.18049341667300317 0.08382152985783761 0.17391928903121964
2 0.3804430415653025 0.0931934045727548 0.050554511903856535 0.09560339149054772
2 0.3386964239806639 0.16922009426790457 0.07729881908544911 0.1270079275949012
2 0.3134055324901162 0.11936554001317834 0.033267017953980904 0.0783158975406721
2 0.25589301433974365 0.17126438329912422 0.11206470452587247 0.19439541549465283
2 0.2117430385402404 0.1027689133533535 0.04592155405833438 0.10495112041330898
2 0.1751560987468949 0.12563878679172458 0.08981699980360833 0.1302056504675381
2 0.08517599336070063 0.10272398243880261 0.0647715480082102 0.12224770472226432
2 0.04140625 0.12578125 0.0828125 0.1453125
2 0.01015625 0.08828125 0.0203125 0.1140625
0 0.05546875 0.01875 0.0453125 0.0375
0 0.08984375 0.0109375 0.0359375 0.021875
0 0.1925157946885605 0.02084674766230892 0.03458407825883114 0.036137487899751616
0 0.2109375 0.01484375 0.028125 0.0296875
0 0.2621106772021179 0.03137972668326592 0.050290891490547905 0.05029089149054773
0 0.32867146330647135 0.057555886422382185 0.02046703610435365 0.02668067466803503
0 0.35051464704969265 0.05195987139526759 0.03773634933607006 0.04084316861791084
0 0.3629101079202771 0.03391839852263061 0.021974993949875808 0.017314765027114643
0 0.39093511397040126 0.016567272059197523 0.026717036104353477 0.026717036104353477
0 0.42308908381797605 0.037474669698065365 0.04715680113146821 0.048710210772388504
0 0.44742146330647137 0.05686501913233126 0.01887726502711473 0.02198408430895542
0 0.512982830792914 0.045545724050987335 0.03614657825883114 0.03614657825883114
0 0.5739021500747548 0.04206620004688224 0.01729658430895533 0.01884999394987581
0 0.5833271470496927 0.05060540789240453 0.03768180718159222 0.03146816861791084