3 0.01328125 0.08203125 0.0265625 0.1640625
3 0.0484375 0.0703125 0.0875 0.140625
3 0.11953125 0.065625 0.0671875 0.13125
3 0.18046875 0.04296875 0.0921875 0.0859375
3 0.2890625 0.06796875 0.11875 0.1359375
2 0.08359375 0.2578125 0.1671875 0.121875
2 0.3109375 0.253125 0.18125 0.13125
0 0.40390625 0.24453125 0.046875 0.0671875
2 0.68359375 0.2140625 0.2578125 0.209375
0 0.5 0.78828125 0.0734375 0.034375
0 0.553125 0.76796875 0.0484375 0.028125
2 0.565625 0.84375 0.084375 0.0859375
2 0.50078125 0.86875 0.0828125 0.1125
0 0.49296875 0.63984375 0.0078125 0.0046875
2 0.49296875 0.64921875 0.015625 0.0125
0 0.4984375 0.665625 0.009375 0.0046875
2 0.4953125 0.67578125 0.015625 0.0140625