0 0.18671875 0.215625 0.3453125 0.21875
0 0.9625 0.03729352614540442 0.0421875 0.04243293969514968
0 0.91171875 0.01015625 0.0359375 0.0203125
0 0.88203125 0.0602628726528041 0.0421875 0.04243293969514968
0 0.846875 0.050683339573512676 0.0359375 0.04083407825883114
0 0.8125 0.026264601673761146 0.0328125 0.03612839754067192
0 0.8078125 0.08014358059652227 0.040625 0.04242384933607006
0 0.73984375 0.02506064997655888 0.0359375 0.03458407825883123
0 0.74375 0.0883646258742579 0.0390625 0.04241475897699036
0 0.70078125 0.08264589099956843 0.0390625 0.04085225897699045
0 0.6578125 0.06598965612487895 0.0359375 0.03770907825883123
0 0.646875 0.10655102361132163 0.0421875 0.04399543969514967
0 0.59296875 0.08904990622307482 0.0421875 0.039307939695149674
0 0.5546875 0.09820219242562418 0.0484375 0.048719301131468204
0 0.490625 0.09704823770335987 0.046875 0.050272710772388506
0 0.446875 0.12882495764913057 0.0578125 0.056586343285945875
2 0.959375 0.1546875 0.08125 0.159375
2 0.928125 0.0808435382456528 0.065625 0.06756929508134402
2 0.90234375 0.18772479732083908 0.11875 0.17412836729005096
2 0.82265625 0.20366743900777867 0.0921875 0.15053633118569748
2 0.853125 0.11712595100983121 0.05 0.06435339149054772
2 0.8109375 0.09969301131468153 0.0671875 0.059765885440423536
2 0.7546875 0.10952200838781527 0.0828125 0.09110678903121965
2 0.7578125 0.2181339391059745 0.090625 0.1614647408266178
2 0.70703125 0.21002600243588693 0.0671875 0.14570338544042355
2 0.678125 0.136420330792914 0.03125 0.0376818071815924
2 0.6671875 0.22854419827935663 0.103125 0.15997496369925485
2 0.6046875 0.172711833916172 0.059375 0.08159543364502539
2 0.57265625 0.22565048155503983 0.1296875 0.16637949980360817
2 0.5171875 0.22220277380771333 0.0984375 0.16151019262201594
2 0.4609375 0.2757817708808471 0.15625 0.2165340359079618