2 0.01015625 0.22734375 0.0203125 0.1328125
2 0.01875 0.18817599339590618 0.0359375 0.08010567067154532
2 0.059375 0.25625 0.11875 0.203125
2 0.12421875 0.20502823341022366 0.05 0.10839430267345414
2 0.153125 0.2389583380808144 0.0953125 0.137046561346272
2 0.2484375 0.2455361494270866 0.0703125 0.1258181600095451
2 0.28984375 0.2858617047660409 0.103125 0.15119996801399935
2 0.33515625 0.2640625 0.0484375 0.11875
0 0.303125 0.16882874610117718 0.046875 0.05054544000636341
0 0.275 0.1458452320973591 0.0375 0.04262385200509069
0 0.16875 0.1305464014162689 0.0359375 0.03948067067154524
0 0.15234375 0.11941799741404173 0.0296875 0.03315794533736351
0 0.096875 0.11877256007317846 0.053125 0.05374316534054513
0 0.0234375 0.12260553739654254 0.021875 0.028379538669636252
0 0.01171875 0.10859375 0.0234375 0.0421875
0 0.00390625 0.0875 0.0078125 0.01875
3 0.1796875 0.66953125 0.359375 0.2203125
1 0.0875 0.78984375 0.175 0.1484375
3 0.85859375 0.6171827880728603 0.015625 0.02518181333545435
1 0.86328125 0.5953623320734966 0.0125 0.012645450668363622