0 0.01328125 0.1875 0.0265625 0.040625
0 0.03828125 0.15573621073358784 0.0328125 0.03319430800445433
0 0.05390625 0.21060552406904226 0.0390625 0.04107953333863614
0 0.1125 0.14097482407699644 0.034375 0.03477498933799979
0 0.121875 0.2067089120782691 0.0375 0.04106135200509069
0 0.16484375 0.1915838987507689 0.0375 0.03793635200509069
0 0.2046875 0.16626627275617772 0.034375 0.03789998933799978
0 0.225 0.2055651300922685 0.0390625 0.044204533338636054
0 0.2765625 0.17647761409926818 0.040625 0.03797271467218159
0 0.3171875 0.1785128287714497 0.0453125 0.04740225867281787
0 0.38203125 0.16442360411358567 0.0453125 0.04740225867281787
0 0.428125 0.1875 0.04375 0.053125
2 0.0171875 0.33828125 0.034375 0.1734375
2 0.06640625 0.3404384747374058 0.0828125 0.15096361067790856
2 0.01953125 0.25703125 0.0390625 0.0640625
2 0.05625 0.23094529606936048 0.065625 0.05701361600890866
2 0.11484375 0.22928334607731463 0.078125 0.08840906667727219
2 0.1359375 0.34124754408017816 0.078125 0.16340906667727229
2 0.1859375 0.32307934675363237 0.0546875 0.14907384667409057
2 0.2 0.24199297875554135 0.0296875 0.03784544533736352
2 0.23125 0.33454410542645024 0.0921875 0.16044769867918127
2 0.2828125 0.26405033943345 0.053125 0.08030566534054522
2 0.3265625 0.3122156667727224 0.1203125 0.16389996268299925
2 0.3828125 0.29802644478035845 0.0859375 0.16193747334499947
2 0.41484375 0.34140625 0.0703125 0.2140625