3 0.0828125 0.303125 0.165625 0.31875
3 0.27265625 0.34609375 0.1546875 0.3265625
0 0.07265625 0.5003066105525557 0.0859375 0.09893746974937905
1 0.5546875 0.02217654449216875 0.0265625 0.023592036104353474
1 0.48203125 0.17253509279496654 0.0453125 0.0643261204133089
1 0.678125 0.27133218285945854 0.0375 0.028343168617910842
1 0.7015625 0.5269372882456528 0.05625 0.04095225292686635
3 0.671875 0.3564520714231401 0.053125 0.09562157220870696
3 0.5359375 0.09394246018321332 0.0609375 0.1112920240041051
3 0.4546875 0.2380010115110732 0.0921875 0.1630363311856975
0 0.7625 0.65078125 0.475 0.1828125
3 0.675 0.93359375 0.65 0.1328125