1 0.209375 0.03515625 0.41875 0.0703125
3 0.3546875 0.3109375 0.709375 0.1375
0 0.8598714663315334 0.26796875 0.036219301131468026 0.0484375
0 0.99296875 0.2046875 0.0140625 0.078125
2 0.8609375 0.3515625 0.0875 0.05625
0 0.053125 0.4265625 0.10625 0.09375
2 0.17450665895354933 0.66953125 0.19291577048806366 0.39375
0 0.7340402193565956 0.7234375 0.039298849336070064 0.040625
0 0.7713675025340828 0.69375 0.037727258976990544 0.0390625
0 0.7950231711519937 0.73125 0.042451120413308986 0.0453125
0 0.8432652284317819 0.69765625 0.04242384933607006 0.040625
0 0.8846578428931624 0.6953125 0.050290891490547905 0.05
0 0.9470396682251273 0.675 0.048728391490547904 0.05
0 0.98515625 0.69375 0.0296875 0.05625
2 0.7203125 0.765625 0.021875 0.09375
2 0.73671875 0.8734375 0.0546875 0.165625
2 0.7675935836215844 0.85078125 0.06806017447164336 0.15
2 0.7741521349494442 0.76953125 0.03303975897699054 0.0390625
2 0.8121657402374426 0.8578125 0.10564198770335978 0.1640625
2 0.8578276981811609 0.78359375 0.059856789031219645 0.0828125
2 0.9057339330558503 0.8265625 0.13380334913967856 0.1703125
2 0.9546875 0.80625 0.090625 0.165625
2 0.97578125 0.84375 0.0484375 0.221875