1 0.28203125 0.0015625 0.0203125 0.003125
1 0.1796875 0.022264322797882173 0.015625 0.012590903590796199
1 0.0171875 0.190625 0.034375 0.046875
1 0.01953125 0.11616483460354302 0.0328125 0.02675339754067192
1 0.12734375 0.0960063498270494 0.0515625 0.04092498184962743
1 0.12265625 0.22025237090428823 0.084375 0.06767837939029935
1 0.29921875 0.08984375 0.0390625 0.0578125
3 0.309375 0.2125 0.01875 0.13125
3 0.28515625 0.02633822356000799 0.0265625 0.031404536104353474
3 0.18671875 0.05503591618202393 0.0296875 0.034547716822512696
3 0.16875 0.1981092053114395 0.0734375 0.11136474687674199
3 0.04453125 0.18789438885826915 0.0546875 0.08469316256778665
3 0.01875 0.25703125 0.0375 0.0640625
3 0.009375 0.1640625 0.01875 0.025
1 0.159375 0.51796875 0.31875 0.2703125
3 0.159375 0.9046875 0.31875 0.190625
0 0.63203125 0.3078125 0.0953125 0.0375
2 0.678125 0.558746202580965 0.2171875 0.2950135599120669