3 0.1859375 0.228125 0.371875 0.24375
1 0.29375 0.06484375 0.43125 0.1296875
0 0.52421875 0.084375 0.0296875 0.06875
3 0.634375 0.18515625 0.25 0.1953125
0 0.1375 0.58515625 0.075 0.0953125
0 0.45234375 0.565625 0.1140625 0.19375
0 0.2734375 0.6046875 0.0796875 0.0890625
1 0.02890625 0.609375 0.0578125 0.059375
1 0.38125 0.59296875 0.0578125 0.075
3 0.4421875 0.85703125 0.05625 0.2859375
3 0.30625 0.82734375 0.1140625 0.2578125
3 0.146875 0.803125 0.125 0.2421875
3 0.01953125 0.85859375 0.0390625 0.2828125