1 0.2953125 0.10390625 0.509375 0.2078125
0 0.571875 0.075 0.04375 0.040625
0 0.9890625 0.12265625 0.021875 0.0453125
0 0.9602996122218854 0.11300243140553032 0.033030668617910666 0.0376908975406721
0 0.9229996001216371 0.07884560002344117 0.04558521077238851 0.04713862041330898
0 0.8103632447354426 0.1029376058771736 0.02989657825883114 0.0361102168225127
0 0.791063798891973 0.06320748536566878 0.03302157825883114 0.0361283975406721
0 0.7367257568356911 0.13773985275391568 0.034538626463432996 0.02832498789975162
2 0.9636604406771083 0.20672970550783126 0.05384313836728971 0.12374657220870695
2 0.9145235039088249 0.19295355181883922 0.07421927088084708 0.13480224687674197
2 0.8204689768796577 0.24584272336361632 0.03485678903121965 0.08301248789975162
2 0.787983729806524 0.18978362090428824 0.06811471662612104 0.15976588544042353
2 0.7283723804704538 0.23075405454931372 0.04772949375348414 0.1471477107723885
2 0.58046875 0.19375 0.0609375 0.159375
1 0.025929157401425186 0.5188812893258073 0.03453862646343313 0.02832498789975162
3 0.01328125 0.58671875 0.0265625 0.0921875
1 0.7469285003927835 0.7169854285768599 0.2805066740788599 0.410993083916172