1 0.21953125 0.09296875 0.4390625 0.1859375
3 0.21953125 0.471875 0.4390625 0.15625
0 0.7890625 0.5359375 0.01875 0.028125
0 0.6414864239735921 0.15373144965409877 0.027035214672181597 0.040779536104353475
2 0.6328103106301836 0.22799565144949688 0.03855451734563573 0.09084316861791084
3 0.93046875 0.61640625 0.0390625 0.1328125
3 0.9734375 0.6484375 0.053125 0.196875
3 0.85703125 0.61484375 0.0859375 0.1296875
3 0.76640625 0.63125 0.0921875 0.1625
3 0.6125 0.63515625 0.1 0.1703125
3 0.515625 0.65 0.10625 0.2