2 0.6222887919319122 0.2193156857863247 0.08448518268618095 0.14423178903121964
1 0.315625 0.03125 0.0875 0.0625
3 0.5285035239497295 0.0875111738824681 0.09217041335136286 0.1333397408266178
3 0.36640625 0.03828125 0.0796875 0.0765625
3 0.2548109379376392 0.1749874062230748 0.11468176002545336 0.18815450585373253
3 0.18125 0.0640625 0.075 0.128125
3 0.12421875 0.0140625 0.0640625 0.028125
3 0.07265625 0.021875 0.0671875 0.04375
0 0.6346626172820024 0.09594181829988213 0.047511346674090585 0.05496021077238859
1 0.8428205626193659 0.30556121623333754 0.01266363200190881 0.014135222872636887
3 0.836143301281048 0.3422436047970191 0.020767033338636054 0.03918067466803503
2 0.6296875 0.63671875 0.11875 0.2578125
0 0.6671875 0.4640625 0.04375 0.06875