2 0.5941637919319123 0.2565899719128222 0.07981586401972632 0.1462215666772723
1 0.1609716732972744 0.025725063972001295 0.061501121339908774 0.049146572008272396
1 0.2704370326225475 0.08381827995704745 0.0867192973424542 0.06818747334499946
1 0.4953125 0.015625 0.075 0.03125
3 0.4894137519494114 0.12892005259391243 0.08904541335136287 0.13383065467854482
3 0.3221268019573656 0.07228079595004777 0.07630905601527208 0.11337270401018137
3 0.21473083060154846 0.23913303596436525 0.10844994135899881 0.19029883068109027
3 0.20078125 0.0375 0.0578125 0.075
3 0.1347989772835932 0.12679721530872837 0.07036813868554459 0.13986247867599957
3 0.165625 0.00625 0.034375 0.0125
3 0.07159099996022911 0.05410514998409166 0.06351815467854491 0.08822725334181776
3 0.02578125 0.06953125 0.0515625 0.0953125
0 0.5995336392823205 0.1307632685789586 0.045948846674090583 0.05521475867281787
3 0.84453125 0.6328125 0.3109375 0.171875
1 0.846875 0.13671875 0.30625 0.2296875