1 0.21328125 0.221875 0.2328125 0.20625
1 0.6177762898167867 0.4256282765381879 0.06911361436318461 0.06289997579950324
1 0.9021745365953329 0.28899692671113847 0.047093168617910665 0.03777271077238851
3 0.87109375 0.41328125 0.1234375 0.1109375
3 0.01640625 0.48125 0.0171875 0.025
3 0.20859375 0.7640625 0.2421875 0.471875
3 0.03671875 0.8015625 0.0734375 0.390625
0 0.353125 0.5578125 0.046875 0.090625
0 0.5978779220357564 0.6289401497801672 0.17081246974937905 0.08692834913967822
0 0.9140205516224474 0.6760934474937897 0.1520261083130606 0.08056926483072288
2 0.88125 0.89453125 0.2375 0.2109375
2 0.59140625 0.8734375 0.3140625 0.253125
2 0.38125 0.84453125 0.103125 0.3109375