0 0.1669501089022357 0.06991356596219109 0.02674430718159231 0.031404536104353474
0 0.24267681674775798 0.07972944837755254 0.02199317466803503 0.020439765027114642
0 0.3051813619272978 0.07931181274073724 0.0110284035907962 0.015688632513557364
0 0.29041942515901437 0.0651629543294809 0.026744307181592396 0.031404536104353474
0 0.29260409387512104 0.09252033986810027 0.04553975897699045 0.03932612041330898
0 0.3793546601318997 0.08755610479701907 0.025145445745273776 0.025145445745273866
0 0.42265625 0.09765625 0.0328125 0.0421875
2 0.3999984373574586 0.16502257464459386 0.018886355386194254 0.023546584308955332
2 0.3742353680756179 0.16174758371978024 0.06304542154477702 0.09411361436318462
2 0.3141382054096354 0.1512413548952149 0.02395565046753818 0.08919885538619425
2 0.2837239975641131 0.14168909289316237 0.05821247579950315 0.06908634328594587
2 0.24308081684595387 0.14457774355709235 0.042669289031219734 0.08305793969514967
2 0.27949049463724684 0.1979163669954634 0.08209540339440444 0.14578519867214013
2 0.409375 0.21640625 0.059375 0.1609375
2 0.14937626864135192 0.13621982201231528 0.05681360226293632 0.09720225292686617
3 0.16484375 0.92265625 0.3296875 0.1546875
2 0.8566251663784156 0.5157810987468949 0.039280668617910665 0.037727258976990544