2 0.49453125 0.4765625 0.0671875 0.125
1 0.33743527064768275 0.12857199023744265 0.02043976933481808 0.011055674668035032
1 0.2263432293125464 0.14120782474278978 0.015752269334818082 0.0110284035907962
1 0.02265625 0.29375 0.0453125 0.04375
1 0.01015625 0.225 0.0203125 0.021875
1 0.043412003302046885 0.21749254791001435 0.031540901336727115 0.025181807181592398
1 0.1606813193030014 0.21114307484098563 0.05043635200509069 0.03779089149054773
1 0.13806033728518402 0.34227035499341085 0.08353975334181776 0.06298178903121983
1 0.36199837130013784 0.23340948116225632 0.07249316534054522 0.05354315651766246
3 0.3713995486155478 0.3655043636758136 0.07652723201781733 0.1316863372358216
3 0.3378438033100011 0.16060778541698245 0.025363626670908877 0.031395445745273864
3 0.2290591493077739 0.17638225546094904 0.028524989337999785 0.03453862646343313
3 0.18982283195418392 0.32538283684303815 0.06691587468172662 0.11131929508134401
3 0.09921875 0.4765625 0.0890625 0.125
3 0.06046259595800194 0.29650333703942994 0.05098179201145401 0.08466589149054773
3 0.01484375 0.40078125 0.0296875 0.1390625
3 0.019392700628592642 0.26735619252382004 0.03462953866963625 0.022074987899751618
0 0.484808067950366 0.35522591470908593 0.041243165340545215 0.05336134933607006
3 0.85 0.08671875 0.134375 0.1734375
3 0.70078125 0.50703125 0.1015625 0.0640625
0 0.3370069146244565 0.7600214572563472 0.041715880012726726 0.09398634933607006
0 0.40060743264641 0.598661776439992 0.11369996801399936 0.10377950585373234
2 0.415625 0.871875 0.175 0.25625
3 0.3191370672740482 0.8857072584860111 0.054761320019090044 0.14093407220870696