1 0.2866227803488169 0.026515485562060535 0.03609203610435348 0.02677157825883123
3 0.29250916598563215 0.08897912412574209 0.07561814441741407 0.10668633723582169
0 0.98515625 0.13359375 0.0296875 0.0359375
0 0.9558035306434045 0.19049565144949687 0.040870439695149585 0.04242384933607006
0 0.9214921631569618 0.17975813934924845 0.03616475897699054 0.03927157825883123
0 0.8888251089022358 0.1549490368899204 0.03301248789975162 0.03456589754067192
0 0.8838239915139889 0.20888255796715924 0.039298849336070064 0.040852258976990366
0 0.8177495396203949 0.15223764822804303 0.03457498789975162 0.03457498789975162
0 0.8189438800776705 0.2155098078689634 0.03773634933607006 0.04084316861791084
0 0.7760205818730685 0.2079472927436529 0.037718168617910844 0.037718168617910844
0 0.7347143258229443 0.19100068725926275 0.03459316861791084 0.03769998789975162
0 0.721982521666414 0.23091716013189972 0.040879530054229285 0.04398634933607006
2 0.98515625 0.2109375 0.0296875 0.065625
2 0.95703125 0.31640625 0.0859375 0.1703125
2 0.8924899435057787 0.3307030158126816 0.08834540339440444 0.14582156010845856
2 0.9257933228960781 0.24613711827200957 0.04723861436318479 0.06277271077238851
2 0.8852728620254936 0.22840471760807962 0.06595225292686635 0.056631795081344014
2 0.8289819554096354 0.2357632205349459 0.0802056504675381 0.08952610831306043
2 0.8275734706331417 0.34358026571448563 0.08528403590796181 0.15674087939029951
2 0.7776325579671592 0.3337149072050334 0.06332722267624513 0.1425511143631848
2 0.7514927596643615 0.26121319330938697 0.02989657825883114 0.0361102168225127
2 0.74296875 0.3515625 0.0859375 0.15625