2 0.8565069917103806 0.292698122751 0.15641466822512734 0.2977749455488821
2 0.7190342627876195 0.2872106711519936 0.0917067527304745 0.1864647408266178
0 0.8015023709042882 0.07830836982413372 0.06770565046753836 0.08945338544042354
0 0.7026967113615636 0.14101692720211778 0.03152271077238851 0.0470568071815924
1 0.175 0.64765625 0.35 0.1578125
2 0.8240262898167867 0.72819175779864 0.03312157220870695 0.0533158975406721
2 0.99140625 0.71484375 0.0171875 0.0359375
2 0.9731359555078314 0.7478098870907436 0.034647710772388506 0.04707498789975162
0 0.99375 0.73046875 0.0125 0.0203125
0 0.9795541271508043 0.718939998527062 0.014171584308955687 0.018831813231716586
0 0.8289228680756178 0.6922815288758789 0.012590903590795932 0.015697722872636887