3 0.38046875 0.5921875 0.015625 0.03125
3 0.28515625 0.5875 0.0140625 0.0328125
1 0.29140625 0.53125 0.025 0.0265625
1 0.38125 0.5671875 0.0171875 0.01875
1 0.340625 0.5828125 0.0875 0.08125
1 0.2734375 0.65703125 0.1046875 0.0921875
1 0.1296875 0.534375 0.03125 0.0328125
1 0.121875 0.64140625 0.09375 0.0828125
1 0.05234375 0.50859375 0.028125 0.0265625
3 0.5203125 0.81875 0.11875 0.3625
3 0.38203125 0.85703125 0.1078125 0.2859375
3 0.29453125 0.92265625 0.2078125 0.1546875
3 0.13515625 0.8796875 0.1546875 0.240625
3 0.06171875 0.6265625 0.0359375 0.06875
3 0.790625 0.853125 0.1234375 0.1296875
1 0.77421875 0.76484375 0.04375 0.021875