1 0.24765625 0.16953125 0.0421875 0.0953125
1 0.18007786455957647 0.04030825732667044 0.07220225292686636 0.05666815651766242
1 0.10080800019639176 0.10326732046019113 0.08475679508134401 0.06611587939029935
1 0.01875 0.1203125 0.0375 0.0625
1 0.01796875 0.36015625 0.0359375 0.0984375
3 0.0296875 0.05390625 0.059375 0.1078125
3 0.20015803952219907 0.2144042874790956 0.11183744554888228 0.15533291549465283
3 0.23203125 0.4265625 0.0734375 0.2875
3 0.13410981694414978 0.4218127873808998 0.22093168617910805 0.3762726502711464
3 0.01328125 0.3 0.0265625 0.13125
3 0.06953125 0.55078125 0.1390625 0.1359375
1 0.9112076063681529 0.34681278738089977 0.011010222872636888 0.012563632513557365
3 0.22587111182910197 0.8301343474893583 0.009484084308955332 0.018804542154477487
3 0.22505804557232328 0.8356076426688981 0.02060339149054773 0.05011817466803485