1 0.15 0.03046875 0.165625 0.0609375
3 0.2515625 0.390625 0.265625 0.11875
3 0.42265625 0.23984375 0.1734375 0.4203125
1 0.54453125 0.25390625 0.0109375 0.0109375
1 0.4203125 0.840625 0.0046875 0.0046875
1 0.39609375 0.83203125 0.003125 0.0046875
1 0.3859375 0.8484375 0.003125 0.0046875
1 0.38203125 0.8546875 0.003125 0.0046875
1 0.35078125 0.8265625 0.00625 0.0046875
3 0.3515625 0.84296875 0.009375 0.01875
3 0.396875 0.84296875 0.0046875 0.0125
3 0.42421875 0.8515625 0.0078125 0.009375
3 0.396875 0.85390625 0.0078125 0.0109375