1 0.0125 0.128125 0.025 0.1
1 0.07265625 0.0109375 0.0703125 0.021875
1 0.15390625 0.056024922700498435 0.0828125 0.06346361067790855
1 0.259375 0.07053341271481597 0.0828125 0.06033861067790856
1 0.27265625 0.31053170404995223 0.0890625 0.09634883601209036
1 0.4421875 0.253910628739633 0.08125 0.0681329293443631
1 0.453125 0.08138164807445111 0.096875 0.08081474267981759
3 0.390625 0.10721689473263332 0.059375 0.1522533906747269
3 0.425 0.01171875 0.146875 0.0234375
3 0.2640625 0.028125 0.1375 0.05625
3 0.0578125 0.16975052068745358 0.10625 0.15279883068109026
3 0.03125 0.3703125 0.0625 0.259375
3 0.1296875 0.34453125 0.20625 0.3109375
3 0.28828125 0.24977601738540667 0.10625 0.12936133068109026
1 0.32734375 0.565625 0.1796875 0.13125
3 0.82109375 0.8668208034293137 0.1734375 0.20983062802354446
0 0.79453125 0.7133867207590412 0.1390625 0.06411813868554468
1 0.6390625 0.53046875 0.059375 0.0609375