1 0.128125 0.16936554001317838 0.159375 0.16655221662612102
1 0.22734375 0.09847580221162264 0.0171875 0.02509999394987581
1 0.296875 0.06682128123257966 0.01875 0.02354658430895542
3 0.30546875 0.13708378425764178 0.046875 0.09871021077238851
3 0.240625 0.1968360341594459 0.046875 0.12214771077238851
3 0.05 0.646875 0.1 0.29375
1 0.56640625 0.66640625 0.0546875 0.0921875
1 0.58046875 0.97578125 0.0828125 0.0484375
1 0.62109375 0.9181273104030462 0.0546875 0.055005662567786474
1 0.746875 0.655676786497137 0.103125 0.07716246369925486
1 0.96640625 0.5625 0.0671875 0.06875
3 0.74140625 0.54453125 0.1796875 0.0890625
3 0.79765625 0.89296875 0.1671875 0.2140625
3 0.6 0.8828125 0.121875 0.234375