1 0.51328125 0.02421875 0.0859375 0.0484375
1 0.4 0.26805527792809425 0.09375 0.08859088001272682
1 0.47578125 0.3413922332511401 0.1078125 0.08094201201463562
1 0.0125 0.2828125 0.025 0.053125
1 0.128125 0.03515625 0.096875 0.0703125
3 0.52109375 0.2953125 0.1171875 0.35
3 0.48671875 0.525 0.1859375 0.109375
3 0.3796875 0.46204163526418507 0.1046875 0.16840564934754454
3 0.1671875 0.3332642966263655 0.15 0.33924540802036257
3 0.0171875 0.2625 0.034375 0.246875
3 0.0484375 0.43777107797581927 0.0890625 0.07603633601209055
3 0.04296875 0.51484375 0.0859375 0.1296875
1 0.26015625 0.46812000728041153 0.08125 0.0650079293443632
3 0.28984375 0.903125 0.5796875 0.19375