3 0.86484375 0.2171875 0.2703125 0.365625
0 0.7109375 0.4421875 0.0375 0.084375
0 0.6719947373105765 0.4890625 0.058157933645025396 0.059375
0 0.5086362192583996 0.47578125 0.08485678903121965 0.0828125
0 0.4392549601832133 0.5015625 0.06132838544042354 0.0671875
0 0.283250399878363 0.54375 0.05978406615858276 0.0703125
0 0.20136914080317672 0.56953125 0.05188975292686626 0.05625
0 0.11635379136891078 0.59375 0.05188975292686626 0.05625
0 0.05378106849627384 0.58125 0.07078519867214013 0.08125
3 0.14913954117251907 0.7234375 0.06194652985783753 0.1734375
3 0.08846111640628815 0.76796875 0.12952491529826116 0.240625
3 0.22175033937712096 0.715625 0.10721357806243947 0.165625
3 0.3139514749157404 0.71796875 0.11680674668035032 0.203125
3 0.46535489363184707 0.690625 0.1278896924256241 0.228125
3 0.562207167734148 0.68671875 0.13906354176169416 0.26875
3 0.68359375 0.6640625 0.0921875 0.196875