1 0.21781804006204258 0.24505303524827662 0.08056020401018138 0.07592724801081766
3 0.0171875 0.23125 0.034375 0.25625
0 0.3765625 0.79296875 0.084375 0.0921875
2 0.1125 0.93828125 0.096875 0.1234375
1 0.022357352681408392 0.5618689125955033 0.02205681333545435 0.01587953866963616
1 0.034375 0.67265625 0.06875 0.0703125
3 0.03203125 0.809375 0.0640625 0.15
3 0.016489160685862814 0.5947541379296851 0.03166817067154533 0.03630112667090888
0 0.1277373853834977 0.8216155352482766 0.05383407200827239 0.06155566534054495
2 0.31953125 0.9390625 0.1890625 0.121875
1 0.61640625 0.56015625 0.2078125 0.0828125
3 0.709375 0.846875 0.58125 0.30625