1 0.19921875 0.0734375 0.3984375 0.146875
1 0.96015625 0.20078125 0.0796875 0.1140625
1 0.8572120154198981 0.05283990527532083 0.037727258976990544 0.03949885200509069
1 0.8300222806434044 0.16096148794559345 0.11152837334017507 0.10285337468172653
1 0.7828125 0.01328125 0.034375 0.0265625
1 0.6046875 0.05390625 0.009375 0.0640625
3 0.7828125 0.33515625 0.234375 0.1296875
3 0.70078125 0.2453125 0.2015625 0.309375
3 0.7715830667477579 0.1350807879535476 0.048882927594901204 0.07712612133990877
1 0.21640625 0.4859375 0.4328125 0.171875
3 0.2703125 0.84921875 0.540625 0.3015625