1 0.71484375 0.05390625 0.5703125 0.1078125
3 0.71484375 0.46875 0.5703125 0.221875
3 0.21484375 0.8828125 0.4296875 0.140625
0 0.875 0.8009882447354428 0.078125 0.033267017953980994
0 0.93203125 0.7826876966290367 0.05 0.028415891490547907
2 0.9390625 0.8646780400131784 0.0859375 0.08956246974937905
2 0.8515625 0.886280850121637 0.11875 0.11631586729005079
0 0.8765625 0.6439479043763632 0.009375 0.004742042154477844
2 0.8765625 0.6533229043763631 0.015625 0.012590903590796287
0 0.88125 0.6704831332991242 0.009375 0.004742042154477844
2 0.8765625 0.6814479043763632 0.0171875 0.01416249394987581