2 0.596875 0.0671875 0.034375 0.134375
2 0.6425263049420972 0.08271094340758278 0.10094539734428025 0.16308178298109546
2 0.7229541483262388 0.08927403991498259 0.07738972267624522 0.1426329275949012
2 0.68203125 0.01796875 0.0421875 0.0359375
2 0.721875 0.00546875 0.0625 0.0109375
2 0.77734375 0.0140625 0.0734375 0.028125
2 0.7885427868899204 0.09514224483363858 0.07276585518980258 0.15354315651766245
2 0.8378433501216369 0.08079339852263061 0.05081813231716552 0.14091589149054773
2 0.85703125 0.01171875 0.0265625 0.0234375
2 0.8791677868899204 0.09461500400702079 0.08525676483072289 0.15205337939029953
2 0.934375 0.034375 0.05 0.06875
2 0.95703125 0.07890625 0.0859375 0.1546875
0 0.2359375 0.41875 0.0875 0.078125
3 0.0859375 0.5140625 0.171875 0.26875
0 0.67109375 0.62109375 0.1828125 0.4078125