3 0.09609375 0.615625 0.1453125 0.328125
0 0.2 0.63203125 0.0625 0.0765625
2 0.42265625 0.82421875 0.071875 0.1453125
1 0.5640625 0.46484375 0.0203125 0.0125
1 0.6734375 0.471875 0.015625 0.0125
1 0.99296875 0.53828125 0.0140625 0.0171875
1 0.97578125 0.553125 0.0390625 0.03125
1 0.8859375 0.61328125 0.059375 0.0453125
1 0.8921875 0.5453125 0.025 0.021875
1 0.85625 0.53828125 0.0328125 0.0265625
1 0.74140625 0.5375 0.0515625 0.0390625
1 0.76875 0.665625 0.084375 0.0640625
1 0.54375 0.56796875 0.0734375 0.0546875
3 0.53984375 0.69921875 0.08125 0.13125
3 0.565625 0.49609375 0.025 0.03125
3 0.67265625 0.50703125 0.028125 0.034375
3 0.71640625 0.6515625 0.0703125 0.1125
3 0.8125 0.828125 0.096875 0.1875
3 0.84375 0.61640625 0.053125 0.0859375
3 0.90390625 0.71875 0.0609375 0.1390625
3 0.88203125 0.58671875 0.034375 0.025
3 0.971875 0.64765625 0.05625 0.0859375
0 0.428125 0.69453125 0.04375 0.053125
2 0.228125 0.8640625 0.11875 0.271875