3 0.21875 0.3375 0.4375 0.203125
0 0.32418044778837735 0.930771264560823 0.09588519262201593 0.099546561346272
0 0.370564568398078 0.8458508245544596 0.07854315651766228 0.07278406667727211
0 0.19169922501393621 0.8549638372454131 0.04399543969514959 0.04269657733927268
0 0.08978726707021814 0.9303734645926397 0.052035198672140126 0.08184998400699968
0 0.028125 0.92421875 0.05625 0.0890625
2 0.2234375 0.95078125 0.0875 0.0984375
2 0.4171875 0.95546875 0.09375 0.0890625
0 0.859267999214433 0.6388922998886415 0.03143180718159257 0.031613626670909056
0 0.5703191287029283 0.6617870965945488 0.04556703005422928 0.044277258672817864
2 0.8707827370159886 0.7379837805538234 0.06160109621281222 0.1147715720082724
2 0.6076242068635637 0.7621410852562308 0.07900676483072289 0.1524715666772721
2 0.55625 0.74453125 0.034375 0.1203125