3 0.2703125 0.20859375 0.35625 0.4171875
2 0.4271594811622563 0.5202086712683212 0.16359993344863372 0.19095335868872637
0 0.54296875 0.47265625 0.0671875 0.1078125
0 0.99453125 0.5109375 0.0109375 0.021875
0 0.9626919393023663 0.4876967106142751 0.03773634933607006 0.04106135200509069
0 0.9703125 0.540625 0.059375 0.071875
0 0.9115930476154267 0.5679841946212749 0.018886355386194254 0.023655676002545433
0 0.8904356651018694 0.5572921426241384 0.010992042154477844 0.00950226933481808
2 0.893692475308524 0.5799120299570474 0.012663626463433175 0.028270450668363624
0 0.8748015747427897 0.5559114559595928 0.023573855386194255 0.023710220003181702
0 0.8340720356133742 0.5384154206317743 0.029842036104353653 0.026907945337363515
0 0.7740112343837102 0.555521651973274 0.022011355386194253 0.02369203866963616
0 0.7310924813586481 0.5646153886457738 0.020439765027114552 0.0221113573360908
0 0.6795027102814093 0.5605278726527734 0.03609203610435348 0.026980670671545325
0 0.64609375 0.5703125 0.0328125 0.0375
2 0.6578125 0.7 0.05625 0.146875
2 0.6831140444921687 0.6440852599856826 0.0600022347764936 0.10850339067472685
2 0.7331140444921688 0.6435034573122282 0.056777240826617795 0.09127952800763595
2 0.7752788185944697 0.6391063113065012 0.03184087334017516 0.10192612667090888
2 0.8322600716195317 0.6298489426320926 0.056886325135573304 0.11002952800763595
2 0.8728759812604523 0.627813727959911 0.04585792154477701 0.09427725867281786
2 0.9080413216195318 0.6289671479551384 0.034838608313060605 0.08008748933799978
2 0.99609375 0.584375 0.0078125 0.078125
2 0.9430157644379396 0.597308067950366 0.04762040944452863 0.1286704400063634
2 0.96953125 0.7296875 0.0609375 0.240625