1 0.11953125 0.28203125 0.2390625 0.3734375
3 0.1375 0.58671875 0.275 0.2046875
1 0.7422941226528041 0.415822383495516 0.012618174668035031 0.020385222872636888
3 0.7331009298343965 0.44712692564999373 0.02520907825883114 0.03608294574527378
0 0.2735077612164856 0.888551877249 0.040861349336070066 0.040861349336070066
0 0.2336140142415477 0.8801899314055304 0.02832498789975162 0.03453862646343318
0 0.19672709259857477 0.8514973048439014 0.040870439695149585 0.04242384933607006
0 0.09219412870292834 0.8786688589022358 0.025181807181592398 0.031395445745273774
0 0.0732350504440971 0.8428404432111911 0.02831589754067192 0.032976126463433175
0 0.025992411782219716 0.9142114491631194 0.031395445745273864 0.02518180718159222
2 0.30078125 0.95859375 0.0671875 0.0828125
2 0.24140625 0.95546875 0.0453125 0.0890625
2 0.19453125 0.94765625 0.0640625 0.1046875
2 0.11015625 0.9859375 0.0296875 0.028125
2 0.0765625 0.94375 0.05625 0.1125
2 0.02265625 0.9671875 0.0390625 0.065625