1 0.428125 0.13046875 0.01875 0.0640625
1 0.46640625 0.6046875 0.0953125 0.05
1 0.5831983193800367 0.041263265910877436 0.09421360831306061 0.08023292154477706
1 0.8200170633299123 0.022698576510315344 0.06887726502711473 0.02227497579950318
1 0.8346466690106944 0.19370142291951917 0.08010565651766229 0.07233860831306052
1 0.99296875 0.33046875 0.0140625 0.0640625
1 0.9484375 0.446875 0.103125 0.09375
1 0.7567615217646099 0.42149060051442044 0.10202610831306061 0.08027837334017515
1 0.545633645104785 0.32115984416970866 0.08323065651766229 0.07235678903121974
1 0.5762529069104458 0.1608308773471959 0.09892837939029935 0.08494769262201593
3 0.971875 0.23203125 0.05625 0.2734375
3 0.9375 0.1609375 0.125 0.234375
3 0.7774381570086417 0.2245019710259252 0.1890999031980126 0.2760908430895541
3 0.51521541296057 0.178372901351301 0.07272949375348414 0.14729315651766237
3 0.734375 0.05390625 0.096875 0.1078125
3 0.56640625 0.05546875 0.1546875 0.1109375
3 0.4546875 0.0625 0.071875 0.125
3 0.43828125 0.30078125 0.0390625 0.1296875
3 0.68515625 0.584375 0.1828125 0.090625
3 0.90546875 0.58125 0.1890625 0.096875
3 0.09375 0.70390625 0.1875 0.1484375