0 0.22265625 0.0234375 0.1703125 0.046875
3 0.1171875 0.33671875 0.234375 0.4640625
3 0.98046875 0.08828125 0.0390625 0.1765625
3 0.95078125 0.07890625 0.0984375 0.1578125
3 0.89453125 0.053125 0.1140625 0.10625
3 0.78125 0.07109375 0.146875 0.1421875
3 0.5921875 0.0796875 0.165625 0.159375
2 0.92265625 0.33671875 0.1546875 0.2515625
2 0.70234375 0.38203125 0.2453125 0.4140625
0 0.6368683652530491 0.2288041725267357 0.05552384134309048 0.07219316256778666
0 0.5234375 0.184375 0.028125 0.103125
2 0.55859375 0.43359375 0.0984375 0.3109375
2 0.746875 0.79453125 0.475 0.4109375