0 0.2734375 0.08370984114464655 0.1765625 0.10258971057599683
2 0.0359375 0.3390625 0.071875 0.315625
2 0.23828125 0.34172687422393794 0.334375 0.30350783684303817
0 0.99296875 0.09609375 0.0140625 0.0171875
2 0.68203125 0.1811625998270494 0.034375 0.06426248789975161
2 0.5609375 0.29358585265571974 0.03125 0.0454943071815924
2 0.51484375 0.3086977682485685 0.0375 0.06896816861791084
2 0.5359375 0.3617000484009937 0.0390625 0.07053975897699054
0 0.5203125 0.2563222019917898 0.01875 0.02198408430895533
0 0.565625 0.2513710815784809 0.0203125 0.02511817466803503
0 0.6890625 0.12877794321119113 0.01875 0.023546584308955332
2 0.08671875 0.8408375816766768 0.01875 0.03448408430895533