1 0.2817067227084526 0.023091024593280274 0.03637385200509069 0.03770907825883123
1 0.29624248472308834 0.13082625654110352 0.10737724267981755 0.0974931444174139
1 0.19921875 0.01328125 0.0328125 0.0265625
1 0.0171875 0.140625 0.034375 0.040625
1 0.03903851205440658 0.11747787060970065 0.0413522533418178 0.06273634933607006
3 0.190625 0.20390625 0.38125 0.1515625
3 0.23369703138922474 0.12728362090428824 0.04772952267663584 0.07371021077238851
1 0.35859375 0.37109375 0.1015625 0.0921875
1 0.16816129602958957 0.4425848713952676 0.06784202800763595 0.05664088544042354
1 0.02265625 0.47421875 0.0453125 0.0734375
3 0.08515625 0.7734375 0.1703125 0.390625
3 0.22189701273072435 0.69619568472518 0.17075104137490715 0.3072226684215192
3 0.3703125 0.671875 0.078125 0.39375
2 0.9625 0.3890625 0.075 0.21875