3 0.60078125 0.26054907621572776 0.0203125 0.03449317466803503
3 0.5046875 0.2751706332991243 0.0203125 0.03605567466803503
1 0.49921875 0.2173899495559029 0.0296875 0.0314227168225127
1 0.59609375 0.23557634729296661 0.01875 0.02198408430895542
1 0.55859375 0.2600132659108774 0.1015625 0.09746587334017516
1 0.50625 0.33515625 0.11875 0.0890625
1 0.3390625 0.2542592113615637 0.0359375 0.037709078258831144
1 0.3515625 0.3453125 0.10625 0.06875
1 0.25703125 0.24301770521324367 0.0328125 0.03144089754067192
1 0.13671875 0.17184266286237423 0.1765625 0.17758971057599685
1 0.07109375 0.365625 0.0359375 0.028125
1 0.09375 0.3484375 0.040625 0.0625
1 0.04296875 0.36328125 0.0390625 0.0328125
3 0.2890625 0.35078125 0.046875 0.0578125
1 0.23046875 0.51328125 0.4609375 0.2671875
3 0.31953125 0.840625 0.6390625 0.31875
1 0.81953125 0.55859375 0.3609375 0.2953125
3 0.81953125 0.93671875 0.3609375 0.1265625