3 0.209375 0.25546875 0.41875 0.3671875
0 0.3866671903825207 0.7763383032304592 0.051853391490547907 0.05059998400699959
0 0.32044274756411306 0.7458610099061407 0.04400453005422929 0.044259077339272326
0 0.2840057986955813 0.6978507712444586 0.03616475897699054 0.03948067067154515
0 0.23531831382089177 0.7413831425843674 0.04400453005422929 0.0442590773392725
0 0.2065302384889268 0.7214069972549582 0.03774543969514958 0.04262385200509069
0 0.18251602156821817 0.6865325579249125 0.03458407825883114 0.03633748933799978
0 0.15956888007767045 0.7367961872613215 0.04243293969514959 0.04267839600572696
0 0.11547396731349213 0.6623143552673667 0.03614657825883114 0.036355670671545146
0 0.09715069330938694 0.7234609406031394 0.040879530054229285 0.0442227146721816
0 0.05820182279788222 0.7043842239417754 0.039298849336070064 0.04107953333863605
0 0.02400408479993472 0.6743154632797752 0.03772725897699045 0.03949885200509069
0 0.01015625 0.70859375 0.0203125 0.0453125
2 0.396875 0.85859375 0.04375 0.0828125
2 0.35234375 0.90546875 0.1328125 0.1890625
2 0.29398881099222135 0.8617860019096405 0.12282039734428025 0.16391814401654478
2 0.2726092355620605 0.7768842905792768 0.06758747579950324 0.06953179734245421
2 0.21192574473544265 0.8682092719207762 0.12446471057599666 0.17799882535009023
2 0.1299626724285398 0.8574450419319122 0.09775676483072289 0.15268974267981755
2 0.18896548858712273 0.7864507419239579 0.051944295081343836 0.06622498400699958
2 0.15555354576871502 0.755591640595185 0.06910452400410509 0.06173747867599957
2 0.10014388310273255 0.7460808279360485 0.08648292154477702 0.09474997334499946
2 0.06516891940347777 0.8496058172740483 0.09625789734428025 0.1636090613462721
2 0.028125 0.82421875 0.05625 0.1453125
2 0.017331383102732502 0.747044438613957 0.031477258976990455 0.039426126670908876
2 0.01484375 0.8296875 0.0296875 0.1625
0 0.696875 0.5609375 0.434375 0.24375
3 0.62265625 0.915625 0.4078125 0.16875