1 0.340625 0.00546875 0.053125 0.0109375
3 0.10390625 0.14140625 0.1203125 0.2828125
3 0.32568930464750956 0.1921875 0.11701582493918146 0.2390625
3 0.49296875 0.24296875 0.0515625 0.3609375
1 0.7079149556060271 0.29921875 0.015752265027114732 0.021875
3 0.7139740580653552 0.33203125 0.02991475897699054 0.0390625
0 0.17285974131759713 0.75234375 0.02519089754067192 0.0328125
3 0.1608091932111911 0.809375 0.026962475799503238 0.06875
0 0.842953030937992 0.93203125 0.1692863311856975 0.0921875
0 0.8378393258229444 0.73671875 0.13184087334017525 0.1015625
0 0.6143700095661656 0.7421875 0.07053066861791084 0.0375
3 0.5920950337666625 0.8109375 0.0723386083130606 0.0796875
3 0.7457922055078312 0.846875 0.22467378883482797 0.2125