3 0.14921875 0.3453125 0.2984375 0.2875
1 0.68828125 0.16328125 0.4171875 0.3265625
0 0.39296875 0.89609375 0.009375 0.009375
2 0.3953125 0.9109375 0.0109375 0.0171875
0 0.2546875 0.97578125 0.009375 0.0078125
3 0.253125 0.990625 0.015625 0.01875
0 0.26484375 0.971875 0.0109375 0.009375
0 0.2953125 0.971875 0.0125 0.0125
0 0.3015625 0.9640625 0.0109375 0.0125
2 0.29765625 0.9890625 0.0171875 0.021875
2 0.30703125 0.98671875 0.0171875 0.0265625
2 0.26796875 0.9890625 0.0234375 0.021875
2 0.83515625 0.71953125 0.034375 0.0625
0 0.82265625 0.66640625 0.025 0.0296875