0 0.00625 0.10390625 0.0125 0.1015625
0 0.39921875 0.84140625 0.0390625 0.1046875
0 0.309375 0.8457872821955286 0.09375 0.09273292154477701
0 0.3453125 0.9397463604543599 0.03125 0.032994307181592575
0 0.2546875 0.9103128696277419 0.0375 0.03771816861791066
0 0.2015625 0.910003797419035 0.0375 0.040843168617910666
0 0.06484375 0.8935833909995685 0.0390625 0.04085225897699054
0 0.040625 0.9106299904338343 0.025 0.03764544574527377
0 0.01953125 0.9026947705862595 0.0359375 0.04239657825883114
2 0.009375 0.95859375 0.01875 0.0828125
2 0.05 0.95703125 0.0625 0.0859375
2 0.1828125 0.96875 0.059375 0.0625
2 0.26484375 0.95703125 0.2140625 0.0859375
2 0.22890625 0.96484375 0.0671875 0.0703125
1 0.459375 0.6360845083878153 0.0046875 0.009402271077238743
3 0.4578125 0.6571691680287357 0.0109375 0.023501132513557364