0 0.175 0.12265625 0.2125 0.2453125
0 0.2734375 0.41328125 0.196875 0.2328125
2 0.2515625 0.45390625 0.440625 0.1515625
2 0.071875 0.26875 0.14375 0.521875
1 0.88359375 0.05971518606776964 0.05625 0.06159202800763595
3 0.98046875 0.2578125 0.0390625 0.328125
3 0.9359375 0.2015625 0.128125 0.31875
3 0.8203125 0.3152288420591791 0.178125 0.34738517202418073
2 0.8015625 0.1546875 0.18125 0.309375
2 0.65546875 0.1265625 0.1109375 0.253125
1 0.2109375 0.7109375 0.421875 0.275
3 0.27421875 0.9375 0.5484375 0.125