3 0.6714538609453392 0.10303111387220536 0.01737839754067192 0.03291249394987581
3 0.7699049964839586 0.1059475564942213 0.01738748789975162 0.03447499394987581
1 0.768001608018473 0.047344716135141685 0.026726126463433177 0.028279536104353475
1 0.6728663700205255 0.07725895423128501 0.01730567466803503 0.02041249394987581
1 0.7143862495090206 0.09703109874689489 0.09425906010845857 0.08804542154477701
1 0.7781356530016209 0.17786800828961943 0.11151019262201585 0.09908291549465283
1 0.9345033067888089 0.06471908937712101 0.03302157825883114 0.03612839754067192
1 0.935144177103922 0.17487533937712102 0.10051815046753845 0.08964428298109546
3 0.45859375 0.33828125 0.2390625 0.4234375
3 0.64921875 0.38828125 0.1265625 0.3234375
3 0.72890625 0.4578125 0.2296875 0.184375
3 0.89921875 0.41953125 0.1765625 0.2609375
3 0.9890625 0.1625 0.021875 0.071875
1 0.13739195745273883 0.6836236254814745 0.10399767447164336 0.15059996369925485
3 0.10859375 0.89140625 0.1890625 0.2171875