0 0.9695055415653024 0.07901272990471978 0.029978391490547908 0.050172716822512696
3 0.97734375 0.1109375 0.0453125 0.059375
1 0.0844947373105764 0.7249398709042882 0.102180644417414 0.10684087334017515
1 0.27578125 0.95546875 0.1078125 0.0890625
1 0.4879464693565955 0.644465013082207 0.10988406010845857 0.0881363251355733
1 0.23626579468856052 0.6256160608940255 0.0895170179539809 0.07864315046753827
3 0.0453125 0.81328125 0.090625 0.3734375
3 0.08489873740877227 0.6600915757247485 0.12426472267624522 0.1429056383672897
3 0.12421875 0.921875 0.2421875 0.15625
3 0.5203125 0.88828125 0.178125 0.2234375
3 0.8046875 0.8203125 0.390625 0.359375