2 0.2578125 0.13046875 0.13125 0.2609375
2 0.471875 0.1421875 0.134375 0.284375
1 0.9252943949083934 0.092503058163551 0.026698855386194254 0.023592036104353474
1 0.9588835997288536 0.09308886544333923 0.03457498789975162 0.03457498789975162
3 0.9402967053114395 0.1994434045727548 0.071121541958086 0.13947156615858275
3 0.5765625 0.1734375 0.075 0.14375
3 0.723949542645457 0.1905461693052819 0.12501013212077386 0.2710306383672898
3 0.8354592143866257 0.22583370863108918 0.1468396803253757 0.26334540339440443
3 0.97109375 0.2875 0.0578125 0.303125
3 0.53359375 0.6875 0.0109375 0.01875
0 0.5886034368664793 0.657610949457707 0.0723931504675381 0.08948065651766246
2 0.57734375 0.86875 0.0765625 0.2625