2 0.4578125 0.759375 0.321875 0.48125
0 0.634375 0.61640625 0.03125 0.0359375
0 0.6436788397699045 0.6753751663784157 0.040870439695149766 0.04242384933607006
0 0.7112657946885605 0.6093547357584523 0.036137487899751616 0.03458407825883114
0 0.7140049753085239 0.6773098502198328 0.039317030054229284 0.04397725897699054
0 0.7592583879745064 0.666889979806524 0.039298849336070064 0.040852258976990366
0 0.8036623729473916 0.6447559045727548 0.037727258976990544 0.03928066861791084
0 0.8195419030016209 0.6884150009819587 0.042451120413308986 0.04555793969514958
0 0.8756510024358869 0.6638689980550925 0.04242384933607006 0.040870439695149766
0 0.9186606590517453 0.6706502631804029 0.04871930113146803 0.048719301131468204
0 0.98125 0.6625 0.0375 0.05
2 0.6515625 0.8078125 0.065625 0.15625
2 0.64765625 0.6953125 0.0578125 0.059375
2 0.7039850806947181 0.7008064375538503 0.0833488311856975 0.09266928903121982
2 0.7116981076256895 0.8179530309379921 0.0853567587805987 0.16924087939029925
2 0.7655270895735127 0.8043581635497453 0.06026585518980241 0.15347043364502538
2 0.7900543909013725 0.7229627178044714 0.03147725897699054 0.0392443071815924
2 0.8101537883438488 0.8205053383159762 0.09941016842151917 0.16776019262201594
2 0.8722765384420444 0.7552979739527915 0.05674087939029917 0.08470225292686635
2 0.9108668606507516 0.8082002601553409 0.12911584913967822 0.17105790944452864
2 0.96171875 0.79921875 0.0765625 0.1703125
2 0.98046875 0.8515625 0.0390625 0.225