3 0.32734375 0.87421875 0.3453125 0.2515625
1 0.5728581786750558 0.7432007285964578 0.10841246369925486 0.10437951201463562
1 0.5390625 0.84140625 0.078125 0.0984375
1 0.975 0.6328125 0.05 0.059375
1 0.7796875 0.44375 0.109375 0.05
1 0.5375 0.43515625 0.075 0.0328125
3 0.64765625 0.91953125 0.1328125 0.1609375
3 0.8260013593932151 0.7371303525620957 0.20526123438371008 0.3695510733609078
3 0.959375 0.60234375 0.08125 0.2703125
3 0.96171875 0.8046875 0.0765625 0.090625
3 0.97578125 0.89609375 0.0484375 0.2078125
1 0.7703593716898551 0.9018291992361863 0.0926420179539809 0.07919769867918128