2 0.86015625 0.16953125 0.2796875 0.3390625
3 0.5484375 0.40719331382089174 0.0171875 0.03447499394987581
3 0.65078125 0.40034789530117676 0.015625 0.03602840359079611
1 0.64375 0.34609375 0.028125 0.0140625
1 0.546875 0.38142115417997136 0.0171875 0.02041249394987581
1 0.5921875 0.39756378376666246 0.096875 0.09118860226293624
1 0.66640625 0.47447574171038065 0.1140625 0.10222609621281205
1 0.81875 0.3484375 0.034375 0.01875
1 0.82890625 0.4547803443661003 0.103125 0.09122496369925485
3 0.571875 0.73828125 0.084375 0.4015625
3 0.64765625 0.8375 0.2296875 0.325
3 0.81953125 0.78984375 0.1734375 0.4203125
3 0.92890625 0.71640625 0.1421875 0.5671875
3 0.89375 0.43721559446429625 0.040625 0.07523634933607007