0 0.98828125 0.15234375 0.0234375 0.0765625
2 0.7854359676080797 0.33125 0.07426472267624522 0.1421875
1 0.3796875 0.03984375 0.021875 0.0265625
1 0.48789438885826913 0.04296875 0.05178975897699036 0.0390625
1 0.45592625049097935 0.16640625 0.08475679508134401 0.065625
1 0.6775245154198981 0.0796875 0.07376475292686635 0.05625
3 0.676006946334449 0.20625 0.08357609016268785 0.13125
3 0.659375 0.01171875 0.025 0.0234375
3 0.5546875 0.01640625 0.028125 0.0328125
3 0.5059989733636162 0.15390625 0.07252041549465282 0.1109375
3 0.41328125 0.321875 0.0890625 0.184375
3 0.38984375 0.115625 0.0421875 0.084375
0 0.7853864915139889 0.20546875 0.04405907220870695 0.053125
2 0.9546875 0.3765625 0.090625 0.265625