2 0.4984375 0.1203125 0.140625 0.240625
2 0.15625 0.09765625 0.18125 0.1953125
0 0.28046875 0.0625 0.0828125 0.125
0 0.6137023890546608 0.6409753714194506 0.08000566256778648 0.05561474801081765
0 0.36543306069763376 0.6091782893857249 0.0941045240041051 0.06202838001272663
0 0.66015625 0.64609375 0.0390625 0.0265625
0 0.67421875 0.6328125 0.0109375 0.01875
2 0.334268898228043 0.7283550033815887 0.14164312021691713 0.17663632001908997
2 0.6015625 0.7765625 0.15625 0.19375
3 0.67578125 0.67578125 0.0078125 0.0359375
3 0.65390625 0.70234375 0.0515625 0.0734375