2 0.52421875 0.246875 0.0703125 0.30625
2 0.7074908340143679 0.1121994972695255 0.004732951795398144 0.007839771077238832
2 0.7614016291939076 0.1126671298812787 0.004732951795398144 0.007839771077238922
2 0.7684101532962087 0.1087199732654204 0.007921584308955332 0.018795451795398054
1 0.862055614166793 0.09020580172064334 0.004742042154477844 0.009402271077238834
1 0.8144311804235717 0.09595180767257169 0.004742042154477844 0.009402271077238834
1 0.768328340064492 0.0946574732654204 0.004732951795398144 0.007839771077238832
3 0.8645220840143679 0.11128591618202392 0.009502265027114732 0.021929542154477667
3 0.8168476532962086 0.10843817213395228 0.007921584308955332 0.018795451795398144
2 0.37421875 0.68125 0.3703125 0.5625
3 0.7738072221852658 0.5730314163784156 0.18116922852997766 0.25573289129415605