3 0.5984375 0.40234375 0.2375 0.2140625
1 0.6047285745942306 0.05703125 0.09324201734563572 0.090625
1 0.9127212459023226 0.76953125 0.00950226933481808 0.0109375
1 0.8994581772358682 0.76796875 0.011064769334818082 0.0109375
1 0.5667184025700498 0.76171875 0.014280676002545433 0.01875
1 0.5533098832352318 0.77265625 0.011137494668999891 0.0171875
3 0.911303649228232 0.82421875 0.014789753341817757 0.0625
3 0.895715011895323 0.82109375 0.02723520934118149 0.0578125
3 0.5533729705601866 0.834375 0.024346566677272287 0.078125
3 0.5636019458943685 0.828125 0.014898841343090474 0.071875
3 0.570778646562732 0.815625 0.01655224801081765 0.0796875
1 0.5618763612349136 0.775 0.007994313335454351 0.015625