3 0.8877662248175445 0.3001479074014252 0.12576359016268804 0.1319772287263694
1 0.9083554598886258 0.21330643755385034 0.04387726502711473 0.022129530054229286
0 0.12421875 0.48203125 0.0453125 0.0265625
0 0.19609375 0.47265625 0.0390625 0.0078125
0 0.28046875 0.4796875 0.0390625 0.021875
0 0.35625 0.48515625 0.0375 0.0328125
0 0.42109375 0.48515625 0.0359375 0.0328125
0 0.4625 0.47890625 0.034375 0.0203125
0 0.5203125 0.4890625 0.0375 0.040625
2 0.03828125 0.60625 0.0765625 0.196875
2 0.07986632464459391 0.5495131449083933 0.06605224687674208 0.07381929508134384
2 0.125533348648699 0.6101870244950843 0.11198289129415606 0.18033291549465283
2 0.19722199628756684 0.577737617977422 0.10244426483072289 0.15215337334017515
2 0.2359375 0.4984375 0.059375 0.059375
2 0.27626460167376116 0.6007160548439012 0.10096357806243947 0.16620678298109545
2 0.35755550828961946 0.6072746061717612 0.07739881303532492 0.1441954275949012
2 0.3164487192583996 0.5246984555078312 0.0441045240041051 0.06119203005422928
2 0.35694645423128507 0.5025871061717612 0.06280907220870695 0.05348861436318462
2 0.4125 0.5078125 0.075 0.078125
2 0.4247793697259379 0.6131337207313375 0.07277494554888211 0.15510565651766228
2 0.4746975564942213 0.5987803292407898 0.05238972267624522 0.14248748184962742
2 0.4937833788993201 0.5221041997522946 0.02677157825883114 0.03609203610435348
2 0.50546875 0.61171875 0.0671875 0.1546875