3 0.184375 0.3461685563960254 0.146875 0.31022949375348396
1 0.16171875 0.09213049618937097 0.103125 0.15528746369925478
3 0.98359375 0.1015625 0.0328125 0.203125
3 0.93359375 0.0810849536421098 0.084375 0.15830337939029934
3 0.8265625 0.11874351404515604 0.1078125 0.1896897347764936
3 0.6125 0.1328125 0.146875 0.265625
3 0.42109375 0.1359375 0.0640625 0.271875
2 0.825 0.45546875 0.15625 0.3671875
0 0.72421875 0.328304345525441 0.04375 0.06431703005422928
0 0.57578125 0.3125970114128774 0.075 0.09106133723582169
2 0.6203125 0.52734375 0.1875 0.2234375
3 0.87421875 0.84296875 0.2515625 0.3140625