3 0.8300859131569618 0.2522388265834129 0.017378397540672098 0.033012494668999894
3 0.7324160276183423 0.25571890993000324 0.01582498789975162 0.03455681333545444
1 0.734319416083828 0.1971069785964578 0.026726126463433177 0.028434082670272608
1 0.8286688589022357 0.22725700791695838 0.01730567466803521 0.020512494668999893
1 0.7879347745932803 0.24647972258913992 0.09425906010845857 0.08859088001272672
1 0.7241899162802198 0.3269035665977304 0.11151019262201593 0.09972837468172671
1 0.568598967313492 0.21544044995227493 0.03302157825883114 0.036319308004454334
1 0.567958096998379 0.3255966999522749 0.10051815046753827 0.09022610534690845
1 0.48747623234060666 0.19451087929663807 0.029851126463433176 0.028470445337363516
1 0.39375 0.10703125 0.128125 0.1640625
3 0.85078125 0.50625 0.1265625 0.265625
3 0.7703125 0.5765625 0.228125 0.125
3 0.6015625 0.5390625 0.175 0.2
3 0.45 0.47890625 0.240625 0.3203125
3 0.5055262746914762 0.31460520329409275 0.03948065651766246 0.07232953333863605