0 0.209375 0.7124058092775479 0.2171875 0.25721470536281676
0 0.03515625 0.53203125 0.0703125 0.2015625
3 0.23046875 0.9421875 0.2296875 0.115625
3 0.08671875 0.8265625 0.1734375 0.346875
0 0.92890625 0.3437717985757769 0.0390625 0.044204533338636144
0 0.8296875 0.47148881325591263 0.0296875 0.044095445337363516
0 0.7875 0.6415109592616396 0.028125 0.039389764003817974
0 0.871875 0.5936541672501857 0.03125 0.044113626670909054
0 0.76875 0.8581353852641851 0.025 0.036228401336727244
0 0.7046875 0.8846620699395482 0.021875 0.03619203866963616
2 0.71171875 0.8908302539385937 0.046875 0.0630454400063634
2 0.79453125 0.6554916432606852 0.04375 0.06457157733927232
2 0.86796875 0.6116683705840492 0.0703125 0.09144316000954511
2 0.83515625 0.4964251785885036 0.0578125 0.08504770934118148
2 0.91875 0.4040462272438223 0.0890625 0.11978633601209036