2 0.050501011511073224 0.39375 0.020539758976990452 0.0390625
2 0.06482258674484233 0.43828125 0.015715903590796176 0.015625
0 0.046875 0.37109375 0.009375 0.0046875
0 0.06554020423128501 0.42734375 0.0078579517953981 0.0078125
0 0.11156123135864807 0.41484375 0.00786704215447771 0.009375
0 0.13636124345889647 0.38046875 0.00943863251355732 0.0109375
3 0.1647089572563471 0.41875 0.01897725897699045 0.0390625
1 0.16061180971567515 0.3859375 0.009438632513557366 0.0109375
2 0.13729248438371017 0.40625 0.022074987899751618 0.034375
2 0.12179020423128502 0.42734375 0.015743174668035032 0.0203125
2 0.15779133674484233 0.43828125 0.011037493949875809 0.0171875