0 0.09765625 0.10390625 0.1953125 0.2078125
2 0.1953125 0.346875 0.390625 0.165625
0 0.871875 0.08984375 0.190625 0.1796875
3 0.95390625 0.20078125 0.0921875 0.3734375
0 0.03195099941082482 0.6631148812858203 0.03458407825883123 0.03633748933799978
0 0.24814817115199359 0.6246592665897763 0.03457498789975162 0.03477498933799979
0 0.19568624648395855 0.6049558412635487 0.03144998789975162 0.03473862667090888
0 0.45078125 0.57890625 0.0171875 0.0390625
0 0.16310100546094902 0.644400149268003 0.03303066861791084 0.037881808004454245
0 0.0685652102814092 0.6447188699475024 0.03145907825883123 0.03630112667090888
0 0.10204078561337422 0.6240154712762753 0.03144998789975162 0.03473862667090888
0 0.3046345204880637 0.6646297385821403 0.04266928903121965 0.08330339600572714
0 0.12257145423128506 0.6612791139401846 0.03462043969514959 0.04258748933799979
0 0.44140625 0.64609375 0.0359375 0.0484375
0 0.3762004482793566 0.6106683972390499 0.037709078258831144 0.03637385200509069
0 0.33957714704969266 0.6275019085773678 0.036137487899751616 0.03479317067154515
0 0.3006055506404888 0.6435814419160039 0.03769998789975162 0.03481135200509069
0 0.27854874345889646 0.6125859805856401 0.0314318071815924 0.031613626670908876
0 0.21083452351312576 0.6571268685948669 0.03615566861791084 0.03791817067154515
2 0.440625 0.70859375 0.0375 0.1640625
2 0.4359375 0.78046875 0.046875 0.1703125
2 0.38864642700572605 0.735532037237459 0.09621244554888228 0.15579656134627218
2 0.3480032462875668 0.7328797519096405 0.05394313231716552 0.1412431653405452
2 0.3153725534691592 0.7645115599140949 0.08839085518980258 0.154143154678545
2 0.2773862192583996 0.6813541619191856 0.02836134933607006 0.040952264003817976
2 0.265208927005726 0.7369683625875492 0.06956813231716552 0.14142497867599965
2 0.22555607454639803 0.770244486592958 0.08365790339440445 0.14627611067790855
2 0.2070555385402404 0.6790473219287305 0.05971134328594587 0.05850339067472703
2 0.17306687880112417 0.7458535612667303 0.06786927693097126 0.11796929734245402
2 0.12712311972593787 0.772171160606321 0.09456813231716552 0.1417158800127268
2 0.09850269515609869 0.687342174610139 0.025136355386194253 0.023728401336727066
2 0.08300041500367357 0.7086177379455935 0.056522710772388504 0.04752952800763595
2 0.045836758289619396 0.7668665899506841 0.08825449980360825 0.130705654678545
2 0.01328125 0.7515625 0.0265625 0.11875
0 0.696875 0.72890625 0.475 0.5421875