2 0.24609375 0.3875 0.2453125 0.3625
0 0.2515625 0.06328125 0.190625 0.1265625
2 0.0421875 0.87265625 0.084375 0.2546875
2 0.22725612738699752 0.8259286365205781 0.08166926535645339 0.17077610831306062
0 0.20294537603436202 0.6838729467272325 0.052362478675999566 0.06904998184962743
0 0.009375 0.6640625 0.01875 0.059375
1 0.828125 0.58359375 0.11875 0.0296875
1 0.67109375 0.58515625 0.1078125 0.0328125
3 0.95078125 0.778125 0.0984375 0.39375
3 0.890625 0.8625 0.21875 0.275
3 0.73515625 0.83125 0.2109375 0.3375
3 0.54765625 0.784375 0.3578125 0.43125