2 0.16015625 0.2 0.3078125 0.4
1 0.49609375 0.01171875 0.0328125 0.0234375
1 0.58359375 0.07218004791001431 0.0625 0.050363614363184706
1 0.57890625 0.00625 0.0265625 0.0125
1 0.615625 0.0046875 0.034375 0.009375
1 0.73671875 0.01015625 0.0546875 0.0203125
1 0.703125 0.13225046037960508 0.0890625 0.07083065046753827
1 0.9390625 0.03987310460062736 0.078125 0.05982951795398091
3 0.93828125 0.17658730942108752 0.0890625 0.13958065046753818
3 0.75703125 0.11928282776785189 0.0765625 0.11919542759490129
3 0.6515625 0.29835672852997774 0.10625 0.1990556444174139
3 0.6265625 0.07789878278470379 0.0578125 0.09096134328594588
3 0.56015625 0.18063744252382005 0.06875 0.14571247579950314
3 0.58828125 0.04486356898725319 0.0359375 0.02677157825883114
3 0.50078125 0.103125 0.0421875 0.090625
2 0.4046875 0.60390625 0.15 0.1828125
0 0.3203125 0.516136143631847 0.059375 0.10503293364502539
0 0.88203125 0.5219725322937245 0.021875 0.01731476502711473
2 0.87890625 0.5696106015755653 0.0421875 0.06430793969514959