2 0.12109166647661151 0.190625 0.01425339754067192 0.0328125
0 0.5164496182720095 0.6984375 0.032994307181592394 0.03125
0 0.8006337207313375 0.73125 0.04713862041330898 0.0453125
0 0.8420581514494969 0.728125 0.033030668617910666 0.0375
0 0.883605302015231 0.70390625 0.04715680113146803 0.0484375
0 0.9841411123200812 0.74609375 0.02989657825883114 0.0359375
0 0.99609375 0.7125 0.0078125 0.0375
2 0.49947976600907323 0.7953125 0.06629768657189175 0.115625
2 0.7586547781093216 0.8296875 0.0852567648307228 0.1515625
2 0.8212320461614985 0.81640625 0.06007495764913058 0.1203125
2 0.8697013624182771 0.8109375 0.08045109016268803 0.13125
2 0.9458775221573934 0.87734375 0.03953519867214013 0.08125
2 0.97421875 0.83046875 0.0515625 0.1546875