0 0.77089077956325 0.15078125 0.03458407825883114 0.0359375
0 0.8576640717177277 0.16015625 0.037727258976990544 0.0390625
0 0.9498970235131257 0.16796875 0.039280668617910665 0.0375
0 0.7170845235131258 0.16796875 0.03615566861791084 0.0375
0 0.49651749345889645 0.12421875 0.03614657825883114 0.0359375
0 0.5510913639704013 0.1046875 0.03303066861791084 0.0375
0 0.8156583788993201 0.19140625 0.039307939695149584 0.0421875
0 0.5833589633064713 0.1453125 0.03460225897699054 0.0390625
0 0.6794708940246306 0.1484375 0.03303066861791084 0.0375
0 0.8853214391059744 0.2140625 0.040843168617910666 0.0375
0 0.6457544241770556 0.12734375 0.03303066861791084 0.0375
0 0.43736975243588694 0.16328125 0.04737496974937905 0.0859375
0 0.6240975927949666 0.16484375 0.03619203005422929 0.04375
0 0.9673572342855141 0.21484375 0.047129530054229464 0.04375
0 0.4046875 0.1234375 0.03125 0.0375
0 0.44192998740877226 0.14140625 0.03928066861791084 0.0375
0 0.4659760205862595 0.11171875 0.033003397540672094 0.0328125
0 0.533436231358648 0.15859375 0.03928975897699054 0.0390625
2 0.4046875 0.23203125 0.03125 0.1453125
2 0.43046875 0.265625 0.0828125 0.159375
2 0.4648180415653025 0.18125 0.029932939695149586 0.0421875
2 0.4760827944921687 0.2375 0.07585449375348415 0.146875
2 0.5161401679305397 0.27421875 0.08994426483072289 0.1515625
2 0.5374697463857627 0.18046875 0.0628545240041051 0.0609375
2 0.5699009721852659 0.24921875 0.07415563836728971 0.1234375
2 0.6169441438282389 0.278125 0.10085449375348396 0.146875
2 0.6484708788993201 0.19140625 0.026707945745273777 0.025
2 0.6634418939264346 0.21328125 0.059674981849627426 0.0515625
2 0.7005197131100795 0.275 0.09453177088084708 0.134375
2 0.7574736950579029 0.26171875 0.08040563836728971 0.1234375
2 0.8511055203898679 0.24140625 0.03299430718159222 0.03125
2 0.9277680143397437 0.25859375 0.05200792759490121 0.0765625
2 0.9515625 0.3359375 0.096875 0.146875
2 0.8773958304983264 0.32890625 0.08995335518980241 0.153125