2 0.2546875 0.1171875 0.509375 0.234375
0 0.99375 0.06875 0.0125 0.028125
0 0.9456510440404072 0.07112310460062732 0.05210794000636341 0.04717498184962743
0 0.8957055880410436 0.07551971311007959 0.01900453866963616 0.02198408430895542
0 0.8831874067074981 0.07388449023744266 0.018986357336090977 0.02042158430895542
0 0.85024763737268 0.0627560926967707 0.03477498933799979 0.03457498789975162
0 0.8084686700349983 0.03048394818116078 0.02687158267027252 0.026717036104353477
0 0.76875 0.01015625 0.04375 0.0203125
0 0.7744118433720437 0.05762771028140921 0.07594542934436328 0.08168633723582168
0 0.7058891100413617 0.07675898448190602 0.02374658267027261 0.026698855386194254
0 0.6830692280394527 0.06256467427525161 0.012627269334818081 0.011010222872636888
2 0.6833601293761798 0.08756467427525157 0.01598862667090888 0.0313409035907962
0 0.6674078653723619 0.05934877068445541 0.02845226400381797 0.028288626463433175
0 0.6257107140356347 0.034107876168845495 0.03317612667090888 0.03144089754067192
2 0.6120032973822249 0.13167776775758916 0.07173064401654479 0.12228406615858275
2 0.6557896600493158 0.13505729781181844 0.05903064934754489 0.10502384328594587
2 0.6933623853834977 0.14152546642972927 0.044786336012090366 0.08931703005422928
2 0.8070430773790435 0.10937656264254136 0.04476815467854474 0.08775453005422928
2 0.8745942040499521 0.14101744808296496 0.04623974801081765 0.0799511204133088
2 0.8909368193825433 0.1356441468533009 0.01475339067472703 0.05945681323171659
2 0.965291929384134 0.14779468890958278 0.02062158267027243 0.02668067466803503
2 0.97890625 0.1484375 0.0421875 0.103125
2 0.9307083913908155 0.19680890583029137 0.10359880935708965 0.17559087334017515
2 0.8364220420512251 0.1501697342855143 0.08101473734881744 0.11452610831306051
2 0.735213530712907 0.11286465612487895 0.06415450135263541 0.1425511143631848
2 0.7625 0.2140625 0.121875 0.171875
0 0.8599135387094071 0.08781063485124836 0.008030676002545433 0.018795451795398144
3 0.7045266047103617 0.3348543273750685 0.028797709341181487 0.05797612646343318