1 0.17388643101274687 0.10546875 0.05849427693097135 0.1171875
1 0.3015165273237548 0.434375 0.02511817466803503 0.0203125
1 0.34666487997947454 0.596875 0.03784543364502539 0.059375
1 0.1338012656162899 0.659375 0.03450226502711473 0.021875
1 0.064378058163551 0.909375 0.0533068071815924 0.03125
3 0.0296875 0.97421875 0.059375 0.0515625
3 0.1247030006873711 0.74609375 0.03958974082661797 0.090625
3 0.30733473526747296 0.50859375 0.04436814441741408 0.10625
3 0.3618853590004315 0.66640625 0.06808744554888228 0.1546875
2 0.7956013079671592 0.7828125 0.025336343285945872 0.0578125
2 0.895700781036188 0.9 0.025236349336070062 0.040625
2 0.9362121515476929 0.91953125 0.028479524004104917 0.0609375
2 0.9109394407753042 0.96640625 0.028488614363184794 0.0625
0 0.9372797478587007 0.8703125 0.015734084308955332 0.01875
0 0.8959325851927182 0.86015625 0.01731476502711473 0.021875
0 0.7958921994577071 0.7328125 0.015743174668035032 0.0203125