3 0.07402576893593951 0.9497944251590142 0.056631795081344014 0.06595225292686635
1 0.07982631704234558 0.8927313589022358 0.028243174668035033 0.020476126463433175
0 0.665625 0.55078125 0.0875 0.1015625
0 0.9640625 0.5515625 0.071875 0.103125
0 0.8116358950065893 0.556070654474559 0.09120678298109546 0.10052724082661779
1 0.543503518543156 0.5857546510567134 0.08790906615858277 0.07082156010845857
1 0.9234375 0.5375 0.06875 0.075
3 0.98359375 0.8265625 0.0328125 0.346875
3 0.8649780218628058 0.7870024919067722 0.1453862646343313 0.28208631303532483
3 0.6955058591968233 0.7778325458669109 0.15467945140261463 0.2680783551898025
3 0.5234375 0.84921875 0.159375 0.3015625
3 0.434375 0.81875 0.06875 0.3625