3 0.9042183047457055 0.06389238758172286 0.017378397540672098 0.03291249394987581
3 0.8065984161820239 0.05707424013924678 0.01582498789975162 0.034465903590796196
1 0.81171875 0.00625 0.0265625 0.0125
1 0.9059307956705192 0.03812022794080248 0.01729658430895533 0.01884999394987581
1 0.8620898920797229 0.053490697886573194 0.09268746974937905 0.08647383118569749
1 0.7921223048439013 0.12808617690753019 0.10993860226293624 0.0975113251355733
1 0.64453125 0.0078125 0.0328125 0.015625
1 0.6367580939733168 0.10921293617910824 0.09894656010845856 0.08807269262201593
3 0.8984375 0.37890625 0.121875 0.3796875
3 0.80390625 0.44453125 0.2234375 0.2484375
3 0.640625 0.3984375 0.16875 0.340625
3 0.5375 0.32890625 0.1375 0.4796875
3 0.5743535427436528 0.09244307181592352 0.03947156615858276 0.07053975897699054
1 0.8703125 0.6671875 0.259375 0.196875