3 0.5484375 0.03984375 0.15625 0.0796875
0 0.8482799813586481 0.22109375 0.007848861436318444 0.00625
0 0.8553294120768072 0.22421875 0.007867042154477843 0.009375
2 0.8507009994108248 0.234375 0.009465903590795932 0.015625
2 0.8593174753085238 0.23828125 0.012627265027114731 0.021875
1 0.3703125 0.65625 0.578125 0.234375
2 0.9854224748175445 0.85 0.00945681323171641 0.0140625
2 0.9674355440993854 0.846875 0.007885222872636887 0.0125
2 0.9611946344584649 0.8484375 0.009465903590796288 0.015625
0 0.9830150923039872 0.8390625 0.006286361436318444 0.00625
0 0.7929213574292977 0.79609375 0.004705680718159222 0.003125
2 0.8872389839909267 0.759375 0.0063045421544778435 0.009375
2 0.6723821193331544 0.89140625 0.0063045421544778435 0.009375