0 0.97109375 0.525 0.0578125 0.03125
0 0.925 0.5097092597625574 0.046875 0.026835210772388506
2 0.91640625 0.56640625 0.0796875 0.0453125
0 0.97578125 0.3781638230924697 0.0078125 0.004732951795397966
2 0.97578125 0.38753882309246973 0.015625 0.012590903590796287
0 0.971875 0.4039677989901689 0.009375 0.004742042154477844
2 0.97578125 0.4133200730924697 0.015625 0.014153403590796287
0 0.2140625 0.7143159882925351 0.00625 0.009411361436318443
2 0.21171875 0.7315171238311544 0.009375 0.025054542154477843
2 0.2140625 0.7455659882925351 0.0171875 0.07353749394987581
2 0.60078125 0.97734375 0.0234375 0.0453125
0 0.58828125 0.9476239128623742 0.009375 0.014117042154477843
2 0.54453125 0.659375 0.0109375 0.040625