1 0.475 0.03515625 0.090625 0.0703125
1 0.80390625 0.009375 0.0921875 0.01875
3 0.8660470020687241 0.2906599415418614 0.17647487738699752 0.39631243949875794
3 0.75 0.30546875 0.215625 0.4671875
3 0.53203125 0.34296875 0.2296875 0.3921875
3 0.39609375 0.3375 0.0734375 0.33125
3 0.075 0.76953125 0.15 0.4609375
3 0.20234375 0.85859375 0.3140625 0.2265625
1 0.2140625 0.59375 0.290625 0.109375
3 0.46796875 0.68984375 0.2171875 0.3015625
3 0.7289389954248595 0.6900503666026798 0.5119749306969986 0.2264009570599555