2 0.41484375 0.421875 0.2296875 0.25625
0 0.4446272196511831 0.14140625 0.11949540944452863 0.128125
0 0.8972760175611973 0.1390625 0.029951120413308985 0.0453125
0 0.8713902284317818 0.12109375 0.04720225292686635 0.05625
0 0.7296021833504378 0.05546875 0.09275110226293641 0.096875
0 0.6133413790957117 0.08046875 0.08799087939029934 0.084375
0 0.6646135084860111 0.16484375 0.028306807181592397 0.03125
0 0.5731299904338344 0.1515625 0.03458407825883114 0.0359375
0 0.534375 0.16171875 0.009375 0.0390625
2 0.53671875 0.25078125 0.0140625 0.1171875
2 0.6203125 0.3328125 0.18125 0.35
2 0.559375 0.21640625 0.059375 0.0796875
2 0.7816742643397436 0.27734375 0.20972147540671954 0.328125
2 0.8611117794650541 0.234375 0.0744192587805987 0.16875
2 0.9117521288993201 0.21015625 0.0647715480082102 0.121875