3 0.67578125 0.065625 0.1578125 0.13125
0 0.5225066347469509 0.93828125 0.03159544533736351 0.0296875
0 0.24319130474217837 0.903125 0.0458215773392725 0.04375
0 0.20554585407381473 0.890625 0.03166817067154533 0.0359375
0 0.1715702960693605 0.8578125 0.04585794000636341 0.046875
0 0.06550210940481489 0.8734375 0.030087489337999783 0.034375
0 0.0494407573997242 0.8359375 0.03166817067154524 0.0359375
0 0.00625 0.90078125 0.0125 0.0265625
2 0.2609375 0.965625 0.08125 0.06875
2 0.203125 0.959375 0.05625 0.08125
2 0.159375 0.9484375 0.075 0.103125
2 0.06953125 0.98359375 0.0359375 0.0328125
2 0.04140625 0.93828125 0.0734375 0.1234375
2 0.9390625 0.54375 0.121875 0.1875