2 0.0796067285299777 0.21251708664863722 0.020530668617910842 0.0377363573360908
2 0.07986125858420698 0.2562670866486372 0.015706813231716542 0.01424431333545444
0 0.08493457796424361 0.18823470198122813 0.007876132513557321 0.011028406667727263
0 0.08371296642972928 0.24684663331477355 0.0078579517953981 0.007903406667727176
0 0.12903910196834872 0.24866312464195567 0.00786704215447771 0.009465906667727175
0 0.16171524658215447 0.22484381663750136 0.007876132513557366 0.011028406667727175
3 0.17680898145684393 0.26763984396881957 0.01896816861791084 0.037718176002545255
1 0.18131921945479137 0.23711654996818332 0.009429542154477666 0.009484088001272716
2 0.15481580678880888 0.24758188263845585 0.022065897540672008 0.03306703866963625
2 0.13458966520006527 0.26266198997454665 0.01418067466803503 0.020476132001908988
2 0.16361863504764013 0.2834193853039559 0.0110284035907962 0.015752269334818082
1 0.389663505460949 0.8186376279440026 0.01416249394987581 0.017351132001908808
3 0.3836134933607006 0.8530853532781844 0.020521578258831143 0.03617385733609098
3 0.809375 0.8640625 0.38125 0.271875