3 0.5046875 0.34296875 0.115625 0.0515625
1 0.56640625 0.27887514660250295 0.0453125 0.053652258672817865
0 0.81640625 0.7354325872454132 0.0609375 0.0694590720082724
0 0.98203125 0.6671875 0.0359375 0.11875
0 0.70078125 0.9734967559277761 0.0265625 0.03312158267027243
0 0.42109375 0.9173762146324107 0.0390625 0.04107953333863605
1 0.33671875 0.9683580066438647 0.0265625 0.03468408267027243
2 0.40625 0.9765625 0.04375 0.046875
3 0.94765625 0.8625 0.1046875 0.275
3 0.8234375 0.8931632712444586 0.090625 0.19324201734563573
3 0.71484375 0.6600518739258671 0.015625 0.036119313335454525
0 0.7140625 0.6319359645926397 0.0125 0.015770450668363623