2 0.026736779465054105 0.5959794027291334 0.03321247579950324 0.06913180800445425
0 0.03651577956324994 0.5312538313971789 0.02209316861791084 0.03775453866963616
0 0.9265625 0.5140625 0.146875 0.15
0 0.5875 0.48671875 0.1375 0.0953125
0 0.6359375 0.46015625 0.05 0.0421875
1 0.7875 0.4734375 0.1 0.06875
3 0.8671875 0.85703125 0.265625 0.2859375
3 0.7845765505422929 0.7050260440404073 0.03347609621281204 0.11444430800445442
3 0.68359375 0.78125 0.1640625 0.4375
3 0.6546890626425415 0.6691419933561353 0.06205561416679295 0.1928965720082724
3 0.58046875 0.734375 0.1234375 0.36875
3 0.540625 0.84296875 0.04375 0.3140625
0 0.66875 0.47109375 0.053125 0.0640625
0 0.7343487706844554 0.5310158320337257 0.02054884933607006 0.040861357336090795
0 0.84296875 0.71953125 0.3140625 0.5609375