2 0.18828125 0.05234375 0.1734375 0.1046875
2 0.29386571301188374 0.8574984912476402 0.018886355386194254 0.023655676002545433
2 0.018706110847143263 0.6989705652848659 0.012572722872636888 0.012645450668363622
3 0.6865844781371943 0.7395955652848658 0.12467378883482798 0.21393632535009016
3 0.89921875 0.9625 0.2015625 0.075
3 0.9226315833269968 0.8899842745862763 0.04567611436318479 0.06302725867281786
3 0.796875 0.88984375 0.153125 0.2203125
3 0.63671875 0.4375 0.2140625 0.05625
0 0.7520822131100796 0.7169569492759572 0.028497704722264317 0.06438976400381798
0 0.7742526497801672 0.7674836606063209 0.04084316861791084 0.03797271467218159
0 0.8037856136758137 0.7405757152689575 0.020557939695149584 0.042423857336090796
0 0.8728259842855144 0.6553916459261852 0.10979315651766228 0.07314769334818116
0 0.9163401558302914 0.7486416592536855 0.07690793364502539 0.06026588534372692
0 0.9494526376799188 0.7998223512492311 0.04405907220870695 0.05363407733927232
0 0.98359375 0.77578125 0.0328125 0.1015625