2 0.1359375 0.1890625 0.271875 0.378125
2 0.8021680506404888 0.24997116628021976 0.2794350534691592 0.4953589935570923
3 0.521875 0.24375 0.20625 0.4875
0 0.38125 0.64296875 0.075 0.1046875
0 0.30947655659241724 0.6784354921031641 0.06130111436318479 0.0628545240041051
0 0.14740328258831212 0.6184388442679045 0.08800906010845858 0.08800906010845858
0 0.06931009884509072 0.6243621122218854 0.06290906615858276 0.07067611436318462
3 0.05390625 0.82265625 0.1078125 0.2421875
3 0.14092252019347606 0.8473905460633026 0.1453862646343312 0.28208631303532494
3 0.280080468963812 0.8629877541052167 0.11527151775758923 0.20847609621281213
3 0.353125 0.87109375 0.13125 0.2578125