0 0.04006996721529619 0.18548752722555895 0.04564884328594587 0.058076120413308986
0 0.12144268706287105 0.1639210785534188 0.04564884328594587 0.058076120413308896
0 0.23976544018612903 0.23666771126336786 0.059838608313060426 0.08003293364502548
0 0.4158375816766767 0.18564504586691086 0.05829428903121965 0.08314884328594588
0 0.3272023285534188 0.1127256963344491 0.04564884328594587 0.058076120413308896
0 0.3074801810127468 0.14565182582294428 0.03310339149054773 0.050190897540671964
2 0.3477097503927834 0.21338422648687425 0.09744769262201594 0.09900110226293624
2 0.46875 0.296875 0.0625 0.225
2 0.19607400663929936 0.3611364461380574 0.13874537919390767 0.2148624515990063
2 0.14479785295030734 0.31221767798768474 0.12297493344863372 0.1897715480082102
2 0.0578125 0.3109375 0.115625 0.184375
2 0.1320246212970717 0.6357869881943392 0.17004992134838534 0.2244192587805987
2 0.18949220853289334 0.5604551900879331 0.08018746974937896 0.08640110831306061
2 0.25091097668326595 0.6116586209042882 0.1433601563212707 0.20238972267624522
2 0.31484375 0.57734375 0.1296875 0.1359375
2 0.4015625 0.58359375 0.13125 0.1484375
2 0.46796875 0.5703125 0.0640625 0.121875